0,0,0
1,0,1
2,0,2
3,0,3
4,0,4
5,0,5
6,0,6
7,0,7
8,0,8
9,0,9
10,0,10
11,0,11
12,0,12
13,0,13
14,0,14
15,0,15
16,0,16
17,0,17
18,0,18
19,0,19
20,0,20
21,0,21
22,0,22
23,0,23
24,0,24
25,0,25
26,0,26
27,0,27
28,0,28
29,0,29
30,0,30
31,0,31
32,0,32
33,0,33
34,0,34
35,0,35
36,0,36
37,0,37
38,0,38
39,0,39
40,0,40
41,0,41
42,0,42
43,0,43
44,0,44
45,0,45
46,0,46
47,0,47
48,0,48
49,0,49
50,0,50
0,1,99
1,1,99
2,1,98
3,1,97
4,1,96
5,1,95
6,1,94
7,1,93
8,1,92
9,1,91
10,1,90
11,1,89
12,1,88
13,1,87
14,1,86
15,1,85
16,1,84
17,1,83
18,1,82
19,1,81
20,1,80
21,1,79
22,1,78
23,1,77
24,1,76
25,1,75
26,1,74
27,1,73
28,1,72
29,1,71
30,1,70
31,1,69
32,1,68
33,1,67
34,1,66
35,1,65
36,1,64
37,1,63
38,1,62
39,1,61
40,1,60
41,1,59
42,1,58
43,1,57
44,1,56
45,1,55
46,1,54
47,1,53
48,1,52
49,1,51
50,1,50
0,2,99
1,2,99
2,2,99
3,2,99
4,2,99
5,2,99
6,2,99
7,2,99
8,2,99
9,2,99
10,2,99
11,2,99
12,2,99
13,2,99
14,2,99
15,2,99
16,2,99
17,2,99
18,2,99
19,2,99
20,2,99
21,2,99
22,2,99
23,2,99
24,2,99
25,2,99
26,2,99
27,2,99
28,2,99
29,2,99
30,2,99
31,2,99
32,2,99
33,2,99
34,2,99
35,2,99
36,2,99
37,2,99
38,2,99
39,2,99
40,2,99
41,2,99
42,2,99
43,2,99
44,2,99
45,2,99
46,2,99
47,2,99
48,2,99
49,2,99
50,2,99
0,3,99
1,3,99
2,3,99
3,3,99
4,3,99
5,3,99
6,3,99
7,3,99
8,3,99
9,3,99
10,3,99
11,3,99
12,3,99
13,3,99
14,3,99
15,3,99
16,3,99
17,3,99
18,3,99
19,3,99
20,3,99
21,3,99
22,3,99
23,3,99
24,3,99
25,3,99
26,3,99
27,3,99
28,3,99
29,3,99
30,3,99
31,3,99
32,3,99
33,3,99
34,3,99
35,3,99
36,3,99
37,3,99
38,3,99
39,3,99
40,3,99
41,3,99
42,3,99
43,3,99
44,3,99
45,3,99
46,3,99
47,3,99
48,3,99
49,3,99
50,3,99
0,4,99
1,4,99
2,4,99
3,4,99
4,4,99
5,4,99
6,4,99
7,4,99
8,4,99
9,4,99
10,4,99
11,4,99
12,4,99
13,4,99
14,4,99
15,4,99
16,4,99
17,4,99
18,4,99
19,4,99
20,4,99
21,4,99
22,4,99
23,4,99
24,4,99
25,4,99
26,4,99
27,4,99
28,4,99
29,4,99
30,4,99
31,4,99
32,4,99
33,4,99
34,4,99
35,4,99
36,4,99
37,4,99
38,4,99
39,4,99
40,4,99
41,4,99
42,4,99
43,4,99
44,4,99
45,4,99
46,4,99
47,4,99
48,4,99
49,4,99
50,4,99
0,5,99
1,5,99
2,5,99
3,5,99
4,5,99
5,5,99
6,5,99
7,5,99
8,5,99
9,5,99
10,5,99
11,5,99
12,5,99
13,5,99
14,5,99
15,5,99
16,5,99
17,5,99
18,5,99
19,5,99
20,5,99
21,5,99
22,5,99
23,5,99
24,5,99
25,5,99
26,5,99
27,5,99
28,5,99
29,5,99
30,5,99
31,5,99
32,5,99
33,5,99
34,5,99
35,5,99
36,5,99
37,5,99
38,5,99
39,5,99
40,5,99
41,5,99
42,5,99
43,5,99
44,5,99
45,5,99
46,5,99
47,5,99
48,5,99
49,5,99
50,5,99
0,6,99
1,6,99
2,6,99
3,6,99
4,6,99
5,6,99
6,6,99
7,6,99
8,6,99
9,6,99
10,6,99
11,6,99
12,6,99
13,6,99
14,6,99
15,6,99
16,6,99
17,6,99
18,6,99
19,6,99
20,6,99
21,6,99
22,6,99
23,6,99
24,6,99
25,6,99
26,6,99
27,6,99
28,6,99
29,6,99
30,6,99
31,6,99
32,6,99
33,6,99
34,6,99
35,6,99
36,6,99
37,6,99
38,6,99
39,6,99
40,6,99
41,6,99
42,6,99
43,6,99
44,6,99
45,6,99
46,6,99
47,6,99
48,6,99
49,6,99
50,6,99
0,7,99
1,7,99
2,7,99
3,7,99
4,7,99
5,7,99
6,7,99
7,7,99
8,7,99
9,7,99
10,7,99
11,7,99
12,7,99
13,7,99
14,7,99
15,7,99
16,7,99
17,7,99
18,7,99
19,7,99
20,7,99
21,7,99
22,7,99
23,7,99
24,7,99
25,7,99
26,7,99
27,7,99
28,7,99
29,7,99
30,7,99
31,7,99
32,7,99
33,7,99
34,7,99
35,7,99
36,7,99
37,7,99
38,7,99
39,7,99
40,7,99
41,7,99
42,7,99
43,7,99
44,7,99
45,7,99
46,7,99
47,7,99
48,7,99
49,7,99
50,7,99
0,8,99
1,8,99
2,8,99
3,8,99
4,8,99
5,8,99
6,8,99
7,8,99
8,8,99
9,8,99
10,8,99
11,8,99
12,8,99
13,8,99
14,8,99
15,8,99
16,8,99
17,8,99
18,8,99
19,8,99
20,8,99
21,8,99
22,8,99
23,8,99
24,8,99
25,8,99
26,8,99
27,8,99
28,8,99
29,8,99
30,8,99
31,8,99
32,8,99
33,8,99
34,8,99
35,8,99
36,8,99
37,8,99
38,8,99
39,8,99
40,8,99
41,8,99
42,8,99
43,8,99
44,8,99
45,8,99
46,8,99
47,8,99
48,8,99
49,8,99
50,8,99
0,9,99
1,9,99
2,9,99
3,9,99
4,9,99
5,9,99
6,9,99
7,9,99
8,9,99
9,9,99
10,9,99
11,9,99
12,9,99
13,9,99
14,9,99
15,9,99
16,9,99
17,9,99
18,9,99
19,9,99
20,9,99
21,9,99
22,9,99
23,9,99
24,9,99
25,9,99
26,9,99
27,9,99
28,9,99
29,9,99
30,9,99
31,9,99
32,9,99
33,9,99
34,9,99
35,9,99
36,9,99
37,9,99
38,9,99
39,9,99
40,9,99
41,9,99
42,9,99
43,9,99
44,9,99
45,9,99
46,9,99
47,9,99
48,9,99
49,9,99
50,9,99
0,10,99
1,10,99
2,10,99
3,10,99
4,10,99
5,10,99
6,10,99
7,10,99
8,10,99
9,10,99
10,10,99
11,10,99
12,10,99
13,10,99
14,10,99
15,10,99
16,10,99
17,10,99
18,10,99
19,10,99
20,10,99
21,10,99
22,10,99
23,10,99
24,10,99
25,10,99
26,10,99
27,10,99
28,10,99
29,10,99
30,10,99
31,10,99
32,10,99
33,10,99
34,10,99
35,10,99
36,10,99
37,10,99
38,10,99
39,10,99
40,10,99
41,10,99
42,10,99
43,10,99
44,10,99
45,10,99
46,10,99
47,10,99
48,10,99
49,10,99
50,10,99
0,11,99
1,11,99
2,11,99
3,11,99
4,11,99
5,11,99
6,11,99
7,11,99
8,11,99
9,11,99
10,11,99
11,11,99
12,11,99
13,11,99
14,11,99
15,11,99
16,11,99
17,11,99
18,11,99
19,11,99
20,11,99
21,11,99
22,11,99
23,11,99
24,11,99
25,11,99
26,11,99
27,11,99
28,11,99
29,11,99
30,11,99
31,11,99
32,11,99
33,11,99
34,11,99
35,11,99
36,11,99
37,11,99
38,11,99
39,11,99
40,11,99
41,11,99
42,11,99
43,11,99
44,11,99
45,11,99
46,11,99
47,11,99
48,11,99
49,11,99
50,11,99
0,12,99
1,12,99
2,12,99
3,12,99
4,12,99
5,12,99
6,12,99
7,12,99
8,12,99
9,12,99
10,12,99
11,12,99
12,12,99
13,12,99
14,12,99
15,12,99
16,12,99
17,12,99
18,12,99
19,12,99
20,12,99
21,12,99
22,12,99
23,12,99
24,12,99
25,12,99
26,12,99
27,12,99
28,12,99
29,12,99
30,12,99
31,12,99
32,12,99
33,12,99
34,12,99
35,12,99
36,12,99
37,12,99
38,12,99
39,12,99
40,12,99
41,12,99
42,12,99
43,12,99
44,12,99
45,12,99
46,12,99
47,12,99
48,12,99
49,12,99
50,12,99
0,13,99
1,13,99
2,13,99
3,13,99
4,13,99
5,13,99
6,13,99
7,13,99
8,13,99
9,13,99
10,13,99
11,13,99
12,13,99
13,13,99
14,13,99
15,13,99
16,13,99
17,13,99
18,13,99
19,13,99
20,13,99
21,13,99
22,13,99
23,13,99
24,13,99
25,13,99
26,13,99
27,13,99
28,13,99
29,13,99
30,13,99
31,13,99
32,13,99
33,13,99
34,13,99
35,13,99
36,13,99
37,13,99
38,13,99
39,13,99
40,13,99
41,13,99
42,13,99
43,13,99
44,13,99
45,13,99
46,13,99
47,13,99
48,13,99
49,13,99
50,13,99