0,0,37
2,0,62
3,0,8
9,0,97
10,0,40
13,0,11
17,0,98
22,0,74
23,0,17
24,0,61
25,0,6
27,0,6
33,0,4
35,0,98
36,0,21
38,0,75
41,0,74
47,0,55
51,0,82
53,0,98
58,0,91
59,0,85
61,0,89
62,0,61
64,0,56
66,0,34
67,0,34
72,0,35
73,0,82
77,0,81
79,0,93
80,0,48
82,0,20
85,0,92
88,0,59
89,0,76
90,0,81
91,0,51
93,0,28
96,0,59
100,0,80
106,0,68
108,0,85
109,0,70
110,0,27
111,0,84
113,0,74
115,0,98
118,0,53
121,0,51
123,0,93
125,0,49
126,0,50
128,0,4
129,0,53
131,0,25
135,0,39
140,0,9
145,0,81
146,0,22
147,0,72
149,0,9
150,0,75
156,0,24
161,0,82
162,0,77
163,0,90
164,0,9
173,0,47
174,0,11
175,0,56
177,0,63
179,0,68
181,0,1
182,0,73
184,0,52
185,0,5
189,0,3
190,0,80
192,0,18
195,0,95
199,0,26
0,1,61
3,1,32
6,1,58
9,1,34
10,1,67
12,1,22
13,1,96
15,1,19
16,1,34
20,1,79
23,1,94
25,1,81
32,1,25
35,1,5
36,1,19
39,1,45
40,1,84
45,1,87
48,1,86
52,1,81
59,1,48
62,1,38
64,1,70
72,1,91
76,1,2
77,1,97
78,1,8
79,1,10
81,1,63
84,1,81
86,1,93
87,1,11
88,1,23
89,1,97
90,1,3
91,1,45
95,1,55
96,1,22
97,1,14
98,1,63
99,1,36
100,1,25
104,1,11
105,1,49
110,1,30
112,1,96
113,1,62
114,1,41
115,1,72
117,1,53
118,1,21
123,1,24
124,1,68
130,1,39
132,1,68
133,1,81
135,1,82
139,1,52
142,1,83
143,1,89
148,1,72
150,1,84
154,1,4
161,1,64
165,1,44
166,1,25
168,1,90
174,1,90
176,1,83
177,1,79
178,1,90
179,1,71
187,1,25
188,1,92
191,1,15
192,1,68
193,1,80
197,1,71
198,1,41
2,2,42
4,2,43
5,2,86
12,2,97
13,2,61
14,2,40
15,2,1
17,2,66
21,2,97
23,2,97
26,2,46
29,2,55
30,2,82
35,2,21
37,2,71
39,2,47
43,2,14
44,2,24
45,2,44
46,2,39
49,2,26
50,2,49
54,2,50
60,2,17
63,2,81
69,2,94
74,2,30
77,2,4
82,2,7
84,2,55
89,2,54
91,2,78
93,2,80
94,2,16
96,2,86
97,2,10
102,2,12
104,2,91
106,2,66
107,2,4
108,2,16
111,2,59
118,2,22
121,2,79
123,2,55
126,2,19
127,2,15
128,2,51
129,2,95
134,2,41
136,2,2
138,2,1
141,2,32
142,2,91
145,2,55
147,2,2
148,2,52
149,2,72
151,2,80
152,2,70
155,2,42
158,2,13
159,2,39
160,2,33
161,2,31
164,2,17
169,2,36
176,2,13
177,2,27
179,2,50
186,2,58
189,2,85
190,2,21
191,2,1
196,2,3
0,3,68
1,3,23
2,3,71
5,3,6
10,3,1
13,3,66
15,3,12
17,3,30
18,3,27
19,3,44
20,3,46
27,3,55
29,3,36
33,3,18
34,3,55
35,3,53
37,3,23
38,3,67
39,3,70
41,3,64
42,3,64
45,3,2
48,3,92
49,3,89
51,3,11
56,3,31
63,3,27
67,3,71
72,3,64
73,3,80
75,3,15
76,3,38
77,3,30
80,3,54
81,3,93
83,3,87
85,3,30
86,3,89
87,3,65
88,3,30
89,3,98
92,3,30
94,3,70
96,3,98
99,3,10
101,3,3
102,3,9
104,3,46
106,3,73
108,3,68
112,3,53
118,3,78
119,3,68
120,3,14
122,3,49
124,3,95
125,3,77
126,3,13
127,3,49
134,3,92
136,3,6
139,3,3
140,3,26
143,3,27
144,3,54
145,3,47
146,3,5
147,3,41
148,3,78
149,3,83
153,3,7
154,3,50
158,3,66
159,3,19
163,3,86
166,3,88
167,3,80
168,3,14
171,3,18
173,3,73
174,3,10
178,3,24
180,3,90
185,3,15
191,3,21
194,3,16
198,3,56
199,3,61
5,4,20
7,4,8
16,4,52
17,4,86
18,4,99
23,4,87
24,4,11
30,4,19
31,4,56
33,4,68
34,4,98
35,4,63
36,4,23
37,4,63
39,4,15
45,4,56
47,4,60
48,4,66
49,4,71
51,4,57
52,4,63
53,4,36
56,4,80
57,4,26
60,4,2
62,4,59
64,4,25
74,4,35
79,4,82
81,4,37
85,4,50
86,4,48
87,4,77
88,4,21
89,4,23
90,4,80
91,4,67
92,4,96
93,4,14
94,4,79
98,4,64
101,4,40
103,4,6
106,4,75
108,4,50
110,4,1
113,4,45
114,4,11
117,4,31
118,4,87
119,4,72
122,4,93
123,4,61
124,4,39
125,4,84
126,4,37
129,4,46
132,4,26
133,4,53
134,4,89
135,4,5
138,4,52
139,4,35
141,4,91
142,4,24
143,4,69
144,4,93
146,4,23
147,4,51
148,4,98
150,4,64
152,4,84
154,4,18
158,4,55
161,4,57
165,4,45
169,4,44
176,4,7
178,4,58
179,4,18
181,4,8
183,4,65
193,4,77
194,4,13
196,4,70
198,4,56
4,5,38
5,5,56
7,5,41
8,5,64
15,5,96
20,5,48
21,5,48
22,5,12
23,5,39
24,5,25
25,5,30
30,5,14
31,5,60
42,5,68
43,5,46
44,5,94
45,5,23
49,5,10
51,5,94
53,5,64
56,5,2
59,5,24
63,5,25
64,5,69
66,5,14
68,5,89
77,5,77
78,5,20
89,5,58
90,5,10
92,5,36
95,5,27
107,5,60
108,5,91
110,5,40
111,5,88
112,5,46
114,5,43
116,5,66
125,5,88
129,5,92
132,5,91
137,5,58
145,5,42
147,5,89
149,5,60
151,5,5
152,5,17
154,5,38
156,5,59
157,5,55
158,5,43
161,5,85
163,5,12
164,5,53
170,5,60
173,5,29
174,5,47
176,5,16
177,5,4
179,5,24
192,5,3
195,5,50
197,5,8
198,5,50
3,6,91
7,6,5
8,6,29
9,6,3
10,6,24
12,6,20
16,6,81
18,6,42
27,6,57
30,6,20
31,6,11
35,6,45
39,6,78
41,6,93
42,6,72
44,6,68
51,6,11
53,6,9
61,6,81
65,6,87
67,6,92
68,6,98
69,6,11
70,6,76
71,6,34
73,6,99
74,6,61
77,6,10
79,6,46
80,6,51
82,6,7
84,6,9
85,6,14
90,6,85
92,6,84
97,6,6
101,6,7
102,6,48
104,6,95
109,6,94
111,6,63
112,6,28
115,6,21
118,6,48
119,6,85
123,6,45
124,6,22
125,6,30
128,6,31
130,6,70
136,6,43
139,6,77
143,6,94
145,6,55
147,6,20
150,6,56
151,6,70
152,6,80
153,6,52
159,6,91
169,6,60
170,6,27
171,6,93
172,6,32
173,6,5
174,6,44
179,6,58
181,6,46
182,6,55
184,6,82
185,6,42
191,6,26
192,6,63
193,6,42
199,6,49
0,7,49
1,7,99
7,7,50
8,7,66
10,7,36
11,7,15
13,7,95
14,7,58
16,7,63
24,7,16
30,7,12
32,7,26
34,7,24
35,7,97
38,7,9
44,7,39
48,7,43
51,7,91
53,7,56
55,7,34
56,7,75
57,7,56
59,7,34
60,7,3
64,7,15
65,7,66
68,7,7
74,7,65
78,7,65
82,7,11
84,7,94
85,7,90
86,7,97
87,7,53
91,7,50
92,7,81
94,7,48
95,7,40
101,7,61
102,7,25
103,7,2
104,7,80
105,7,90
115,7,31
116,7,11
122,7,17
123,7,50
124,7,52
125,7,10
128,7,12
129,7,61
132,7,6
133,7,92
134,7,98
136,7,12
138,7,98
142,7,12
145,7,24
146,7,58
149,7,33
150,7,32
154,7,69
155,7,60
158,7,80
159,7,82
162,7,81
164,7,3
167,7,38
168,7,26
171,7,73
172,7,81
173,7,38
176,7,64
178,7,84
181,7,89
182,7,60
183,7,42
184,7,60
190,7,84
191,7,36
192,7,46
194,7,12
195,7,59
2,8,19
5,8,49
7,8,89
12,8,66
18,8,82
20,8,85
21,8,87
23,8,78
24,8,2
25,8,1
28,8,8
29,8,12
35,8,81
37,8,63
39,8,29
49,8,62
52,8,21
55,8,72
57,8,50
58,8,81
59,8,36
61,8,66
64,8,81
65,8,51
68,8,36
69,8,41
70,8,72
71,8,34
75,8,67
76,8,6
77,8,87
78,8,63
79,8,34
81,8,77
82,8,59
87,8,70
89,8,17
93,8,35
94,8,40
99,8,19
102,8,29
104,8,40
106,8,18
109,8,29
111,8,89
113,8,89
114,8,79
115,8,11
117,8,36
118,8,18
119,8,23
122,8,37
123,8,31
125,8,89
129,8,57
130,8,83
131,8,55
132,8,88
135,8,31
136,8,22
143,8,95
144,8,88
147,8,14
149,8,52
150,8,21
151,8,31
157,8,43
158,8,83
159,8,97
160,8,41
162,8,42
163,8,41
165,8,82
167,8,74
168,8,72
171,8,44
174,8,20
178,8,52
181,8,30
182,8,76
188,8,54
189,8,65
194,8,87
6,9,87
9,9,46
10,9,13
11,9,97
15,9,15
18,9,46
21,9,94
23,9,83
27,9,97
31,9,89
32,9,32
34,9,38
35,9,88
38,9,64
39,9,13
41,9,68
43,9,21
44,9,90
48,9,40
50,9,34
53,9,12
56,9,19
61,9,59
62,9,89
63,9,67
64,9,33
65,9,49
69,9,3
71,9,63
73,9,40
75,9,2
78,9,87
82,9,4
91,9,41
94,9,71
95,9,56
96,9,33
98,9,8
99,9,62
100,9,77
101,9,1
102,9,97
103,9,5
104,9,35
109,9,13
112,9,72
115,9,71
116,9,94
119,9,25
129,9,90
130,9,99
131,9,29
134,9,56
135,9,41
136,9,87
137,9,67
138,9,29
139,9,97
140,9,16
146,9,28
147,9,8
149,9,17
150,9,10
151,9,57
152,9,25
153,9,99
154,9,17
156,9,74
157,9,42
158,9,52
159,9,71
160,9,70
165,9,75
166,9,71
169,9,65
176,9,17
179,9,71
182,9,10
183,9,83
185,9,61
186,9,10
187,9,60
188,9,15
189,9,44
191,9,80
192,9,4
196,9,53
197,9,25
2,10,7
8,10,15
12,10,84
13,10,72
15,10,6
22,10,21
23,10,28
25,10,85
27,10,12
30,10,18
31,10,18
32,10,33
33,10,53
34,10,31
35,10,51
37,10,19
42,10,59
45,10,14
48,10,76
57,10,35
60,10,82
61,10,40
62,10,62
63,10,54
66,10,21
68,10,87
76,10,87
78,10,29
80,10,98
81,10,29
82,10,14
83,10,17
84,10,64
85,10,42
88,10,58
93,10,35
95,10,49
98,10,64
100,10,60
106,10,50
109,10,35
112,10,38
114,10,22
116,10,87
121,10,25
122,10,54
124,10,86
128,10,38
130,10,44
131,10,2
134,10,22
135,10,18
136,10,93
137,10,72
138,10,16
139,10,19
145,10,48
148,10,64
149,10,12
153,10,63
155,10,42
158,10,69
162,10,40
164,10,95
165,10,73
167,10,51
168,10,67
171,10,75
172,10,81
173,10,20
174,10,10
179,10,96
180,10,77
181,10,31
182,10,2
183,10,60
184,10,55
189,10,26
190,10,17
191,10,10
192,10,1
194,10,77
196,10,48
2,11,64
3,11,28
5,11,77
7,11,10
9,11,69
10,11,74
15,11,39
16,11,34
17,11,84
22,11,90
25,11,35
31,11,40
37,11,77
39,11,42
43,11,45
44,11,11
45,11,42
50,11,7
53,11,57
54,11,13
56,11,96
57,11,47
59,11,6
60,11,50
66,11,1
68,11,55
70,11,8
71,11,87
75,11,26
78,11,6
79,11,81
88,11,5
89,11,6
93,11,57
95,11,58
97,11,8
100,11,23
102,11,15
108,11,90
113,11,52
114,11,90
119,11,3
121,11,35
122,11,30
129,11,62
130,11,24
131,11,21
132,11,71
133,11,86
134,11,86
135,11,18
136,11,35
142,11,61
143,11,1
148,11,89
149,11,96
151,11,29
153,11,61
155,11,82
156,11,67
157,11,20
160,11,59
161,11,44
163,11,39
166,11,44
169,11,37
170,11,92
172,11,13
173,11,57
174,11,79
178,11,11
181,11,87
183,11,6
184,11,80
185,11,8
190,11,40
192,11,82
194,11,36
198,11,14
0,12,32
1,12,41
2,12,15
6,12,91
9,12,36
11,12,3
15,12,71
17,12,73
18,12,6
24,12,90
25,12,75
28,12,82
31,12,36
35,12,79
36,12,60
37,12,22
38,12,41
39,12,39
46,12,11
47,12,69
48,12,66
50,12,6
52,12,3
53,12,83
54,12,2
55,12,46
57,12,36
58,12,78
60,12,83
61,12,93
63,12,11
64,12,2
67,12,42
68,12,23
70,12,77
72,12,64
74,12,46
75,12,49
76,12,43
78,12,90
81,12,63
84,12,87
88,12,47
89,12,44
92,12,28
98,12,4
99,12,90
100,12,61
103,12,1
104,12,17
108,12,6
109,12,3
112,12,9
113,12,82
114,12,5
121,12,24
126,12,31
133,12,78
138,12,90
141,12,2
143,12,63
144,12,37
146,12,54
147,12,85
153,12,1
154,12,35
156,12,70
157,12,46
161,12,94
164,12,68
166,12,71
167,12,91
169,12,53
170,12,88
173,12,33
175,12,36
185,12,99
187,12,70
192,12,71
194,12,2
195,12,69
196,12,34
198,12,20
199,12,63
0,13,83
3,13,78
6,13,57
9,13,77
13,13,74
16,13,45
22,13,15
26,13,45
29,13,51
30,13,46
34,13,51
37,13,37
39,13,4
41,13,50
42,13,59
43,13,90
45,13,64
47,13,96
49,13,66
50,13,28
51,13,14
52,13,35
53,13,65
58,13,5
59,13,28
61,13,84
66,13,51
72,13,76
73,13,97
76,13,8
77,13,76
78,13,38
79,13,63
80,13,79
84,13,72
86,13,99
92,13,62
93,13,94
94,13,71
100,13,19
109,13,91
113,13,88
116,13,22
119,13,56
121,13,39
123,13,28
124,13,75
125,13,20
128,13,62
131,13,45
133,13,10
134,13,63
136,13,4
139,13,55
141,13,34
142,13,49
144,13,22
145,13,34
146,13,82
147,13,46
148,13,9
149,13,12
150,13,27
151,13,16
153,13,34
154,13,73
155,13,31
158,13,95
159,13,54
160,13,27
166,13,75
168,13,97
171,13,56
180,13,58
181,13,14
182,13,86
184,13,12
185,13,92
186,13,63
190,13,87
192,13,89
193,13,17
197,13,20
198,13,39
1,14,40
4,14,96
5,14,7
6,14,89
8,14,1
12,14,94
13,14,1
15,14,10
18,14,44
19,14,68
20,14,75
23,14,36
24,14,72
29,14,9
31,14,87
35,14,27
38,14,95
40,14,30
43,14,40
47,14,92
50,14,43
53,14,86
54,14,56
55,14,72
56,14,2
60,14,58
62,14,58
64,14,28
67,14,70
72,14,14
75,14,85
76,14,39
79,14,49
84,14,30
86,14,60
97,14,2
100,14,56
101,14,6
104,14,14
110,14,54
111,14,81
112,14,55
125,14,5
128,14,91
130,14,79
137,14,53
138,14,72
140,14,97
142,14,84
146,14,67
147,14,82
148,14,54
153,14,96
156,14,37
157,14,80
162,14,42
165,14,66
169,14,65
175,14,91
180,14,45
181,14,95
186,14,76
190,14,51
191,14,20
194,14,57
198,14,58
199,14,43
2,15,44
3,15,4
7,15,63
8,15,64
14,15,25
15,15,87
16,15,80
18,15,58
21,15,82
22,15,44
27,15,39
30,15,16
33,15,15
38,15,95
43,15,68
52,15,92
55,15,50
56,15,21
57,15,20
69,15,40
71,15,75
75,15,21
76,15,16
79,15,70
82,15,82
85,15,38
86,15,59
87,15,54
93,15,70
94,15,84
98,15,70
106,15,70
107,15,91
109,15,48
110,15,18
113,15,8
117,15,71
118,15,8
119,15,82
120,15,45
123,15,89
125,15,9
128,15,8
133,15,12
134,15,79
135,15,39
137,15,77
138,15,48
144,15,26
150,15,86
152,15,26
153,15,53
154,15,92
156,15,48
157,15,91
163,15,8
165,15,59
166,15,55
169,15,57
172,15,3
175,15,1
178,15,66
179,15,61
183,15,17
184,15,86
185,15,93
191,15,8
199,15,55
2,16,84
3,16,46
4,16,5
5,16,62
7,16,66
12,16,4
15,16,72
19,16,22
22,16,29
25,16,39
26,16,77
27,16,28
28,16,93
32,16,43
34,16,92
35,16,30
43,16,97
46,16,34
48,16,45
51,16,23
53,16,44
54,16,76
55,16,83
57,16,78
58,16,59
63,16,23
67,16,55
71,16,80
76,16,43
80,16,93
82,16,87
83,16,78
90,16,88
92,16,36
93,16,60
95,16,96
96,16,96
97,16,14
102,16,78
105,16,57
106,16,23
107,16,26
108,16,8
110,16,91
111,16,21
112,16,99
114,16,12
115,16,94
116,16,18
118,16,86
125,16,12
128,16,61
129,16,77
132,16,36
133,16,40
139,16,86
148,16,81
149,16,20
150,16,84
151,16,51
157,16,54
158,16,10
163,16,92
167,16,10
171,16,48
172,16,45
177,16,21
178,16,15
180,16,62
182,16,15
183,16,43
186,16,76
188,16,57
189,16,12
190,16,15
194,16,67
199,16,29
5,17,5
6,17,15
8,17,81
9,17,78
11,17,72
12,17,86
14,17,2
15,17,45
16,17,12
17,17,4
19,17,22
24,17,68
27,17,81
30,17,63
31,17,70
32,17,89
35,17,74
36,17,28
38,17,73
39,17,27
40,17,37
44,17,77
45,17,96
48,17,1
51,17,70
52,17,7
53,17,74
56,17,92
57,17,66
58,17,69
60,17,93
64,17,48
65,17,2
68,17,36
70,17,33
71,17,26
72,17,34
74,17,34
77,17,56
78,17,47
79,17,82
81,17,77
82,17,4
84,17,18
85,17,27
86,17,8
92,17,83
93,17,81
95,17,24
100,17,56
101,17,21
103,17,56
107,17,17
109,17,75
112,17,41
115,17,59
118,17,15
121,17,71
124,17,3
127,17,85
128,17,66
130,17,93
133,17,82
135,17,39
140,17,7
145,17,99
149,17,6
152,17,73
154,17,56
155,17,1
157,17,44
158,17,55
159,17,70
160,17,75
161,17,26
163,17,42
164,17,30
173,17,90
174,17,65
175,17,91
178,17,45
179,17,3
180,17,95
182,17,42
189,17,45
191,17,3
192,17,17
198,17,75
1,18,42
4,18,24
5,18,37
7,18,82
8,18,33
9,18,69
11,18,46
12,18,52
15,18,75
19,18,31
22,18,67
23,18,8
25,18,65
27,18,84
29,18,82
34,18,72
35,18,50
44,18,33
46,18,22
48,18,99
50,18,63
56,18,1
59,18,81
61,18,5
64,18,41
66,18,21
68,18,11
69,18,32
71,18,47
72,18,6
73,18,89
79,18,34
80,18,11
81,18,95
86,18,56
87,18,40
89,18,3
92,18,16
93,18,80
96,18,13
98,18,48
99,18,11
101,18,31
103,18,70
106,18,88
117,18,66
119,18,15
121,18,59
123,18,55
124,18,16
125,18,33
126,18,24
128,18,26
129,18,71
131,18,78
133,18,63
137,18,57
138,18,11
148,18,87
150,18,21
153,18,40
155,18,82
157,18,89
158,18,13
159,18,48
161,18,43
162,18,37
164,18,13
165,18,55
166,18,58
167,18,23
171,18,66
173,18,1
176,18,11
179,18,69
180,18,49
186,18,44
187,18,35
188,18,75
190,18,52
194,18,50
196,18,98
199,18,3
2,19,87
4,19,70
8,19,82
9,19,46
11,19,2
12,19,65
14,19,64
19,19,39
22,19,67
24,19,51
25,19,31
26,19,42
33,19,1
34,19,89
39,19,76
43,19,55
46,19,64
47,19,97
49,19,80
53,19,24
57,19,96
60,19,98
61,19,35
63,19,95
67,19,83
71,19,15
74,19,93
78,19,84
79,19,88
82,19,82
83,19,1
84,19,87
86,19,22
89,19,41
93,19,13
94,19,21
95,19,57
99,19,50
100,19,40
103,19,96
107,19,20
110,19,47
114,19,56
116,19,30
118,19,14
126,19,16
129,19,56
135,19,44
136,19,85
137,19,92
139,19,83
141,19,33
142,19,80
143,19,90
146,19,2
152,19,21
153,19,76
155,19,58
157,19,47
159,19,38
160,19,54
162,19,48
164,19,56
165,19,74
168,19,69
170,19,73
179,19,82
180,19,19
182,19,82
189,19,55
191,19,3
194,19,82
195,19,50
2,20,93
6,20,46
7,20,45
10,20,60
11,20,2
13,20,76
15,20,7
17,20,41
21,20,42
22,20,15
26,20,99
29,20,96
30,20,52
31,20,97
34,20,1
35,20,59
40,20,94
42,20,59
45,20,19
46,20,33
47,20,11
49,20,50
50,20,33
51,20,93
52,20,4
53,20,23
55,20,46
57,20,13
58,20,6
60,20,38
62,20,56
63,20,39
64,20,26
69,20,88
74,20,4
78,20,84
83,20,24
85,20,58
88,20,9
89,20,28
90,20,21
91,20,79
92,20,47
93,20,11
94,20,84
95,20,40
96,20,38
100,20,73
107,20,30
109,20,21
110,20,14
111,20,71
115,20,44
122,20,1
124,20,97
127,20,44
129,20,99
131,20,17
134,20,11
139,20,29
141,20,70
142,20,63
146,20,78
147,20,36
148,20,94
149,20,93
150,20,99
152,20,95
153,20,77
155,20,77
161,20,78
164,20,95
165,20,52
171,20,45
172,20,77
174,20,43
176,20,80
179,20,76
183,20,88
186,20,55
188,20,53
190,20,46
193,20,72
195,20,27
196,20,82
198,20,44
199,20,93
2,21,79
3,21,2
4,21,38
7,21,45
9,21,52
13,21,90
14,21,88
15,21,24
16,21,44
17,21,69
19,21,23
21,21,40
23,21,82
25,21,7
28,21,86
32,21,24
33,21,99
34,21,22
40,21,30
42,21,11
46,21,65
49,21,2
55,21,17
56,21,87
58,21,29
61,21,43
64,21,98
65,21,46
66,21,30
68,21,80
71,21,47
78,21,29
79,21,12
80,21,75
81,21,95
83,21,85
84,21,19
87,21,72
89,21,95
90,21,63
91,21,70
93,21,18
95,21,3
100,21,11
105,21,12
108,21,43
110,21,5
113,21,71
114,21,2
116,21,97
119,21,71
121,21,99
122,21,31
123,21,71
125,21,23
128,21,46
131,21,47
132,21,16
133,21,13
136,21,23
141,21,1
143,21,53
144,21,87
145,21,56
146,21,47
147,21,63
148,21,10
149,21,85
151,21,40
152,21,5
156,21,76
159,21,14
160,21,70
161,21,15
163,21,90
166,21,46
168,21,47
171,21,5
172,21,63
175,21,41
176,21,1
178,21,7
181,21,5
185,21,97
188,21,92
191,21,50
193,21,53
198,21,87
0,22,72
1,22,87
3,22,52
5,22,45
9,22,48
15,22,40
19,22,82
20,22,52
21,22,98
22,22,19
25,22,79
26,22,93
27,22,38
28,22,65
30,22,34
32,22,79
33,22,76
36,22,39
37,22,79
42,22,44
45,22,27
48,22,9
50,22,87
54,22,68
55,22,86
57,22,67
59,22,12
62,22,12
64,22,94
65,22,33
67,22,39
74,22,98
75,22,85
79,22,74
81,22,32
85,22,14
88,22,42
89,22,41
93,22,91
97,22,83
100,22,56
101,22,34
103,22,20
108,22,46
111,22,2
112,22,60
113,22,87
115,22,12
121,22,27
126,22,61
132,22,81
140,22,15
141,22,74
145,22,73
146,22,18
147,22,10
150,22,14
151,22,83
152,22,83
154,22,33
159,22,43
161,22,60
162,22,77
163,22,34
164,22,17
165,22,72
170,22,2
172,22,50
173,22,94
174,22,53
176,22,91
179,22,78
180,22,96
182,22,12
185,22,32
186,22,38
191,22,21
192,22,29
1,23,80
2,23,68
5,23,41
8,23,25
9,23,35
10,23,80
12,23,70
16,23,28
20,23,47
25,23,8
27,23,64
28,23,20
29,23,94
30,23,42
31,23,58
32,23,82
34,23,23
35,23,38
38,23,25
40,23,3
47,23,31
50,23,6
52,23,84
55,23,13
56,23,41
57,23,96
59,23,64
61,23,98
62,23,11
63,23,42
67,23,62
69,23,16
70,23,89
72,23,51
75,23,46
77,23,60
78,23,5
79,23,42
83,23,47
84,23,76
87,23,77
88,23,9
94,23,43
98,23,6
105,23,28
107,23,41
108,23,28
109,23,17
110,23,52
114,23,85
116,23,47
117,23,30
119,23,20
120,23,84
122,23,82
123,23,59
124,23,29
125,23,20
126,23,62
127,23,14
130,23,83
134,23,53
136,23,20
142,23,6
150,23,66
152,23,16
155,23,53
159,23,3
160,23,81
161,23,50
163,23,70
167,23,65
169,23,38
170,23,38
172,23,57
174,23,9
177,23,75
179,23,28
180,23,51
182,23,41
183,23,57
188,23,24
198,23,9
1,24,84
3,24,21
6,24,59
9,24,49
12,24,83
13,24,65
14,24,69
15,24,4
19,24,84
23,24,46
26,24,29
29,24,85
30,24,74
35,24,31
38,24,81
40,24,11
41,24,76
43,24,26
44,24,29
48,24,95
51,24,40
54,24,78
57,24,43
58,24,7
63,24,10
69,24,83
71,24,60
72,24,72
73,24,82
74,24,24
75,24,69
76,24,16
79,24,47
81,24,40
83,24,57
84,24,12
85,24,38
90,24,97
92,24,7
95,24,49
100,24,37
101,24,3
105,24,89
106,24,80
108,24,67
109,24,57
110,24,26
112,24,36
113,24,9
115,24,60
117,24,5
118,24,68
119,24,52
120,24,81
127,24,57
128,24,53
133,24,73
135,24,31
136,24,54
137,24,25
138,24,87
139,24,69
140,24,7
142,24,16
144,24,79
146,24,84
148,24,80
151,24,67
158,24,47
160,24,32
163,24,48
166,24,66
167,24,25
169,24,30
170,24,57
171,24,93
172,24,55
176,24,76
178,24,3
179,24,94
183,24,76
186,24,49
188,24,60
189,24,43
191,24,9
192,24,99
193,24,41
195,24,70
196,24,32
5,25,39
6,25,45
8,25,94
10,25,3
11,25,41
12,25,75
16,25,31
18,25,94
23,25,67
26,25,34
28,25,14
29,25,68
33,25,62
34,25,29
37,25,90
39,25,97
40,25,60
42,25,7
43,25,31
45,25,41
47,25,19
53,25,75
56,25,12
61,25,68
66,25,25
67,25,8
68,25,9
69,25,22
71,25,86
73,25,70
74,25,41
75,25,89
76,25,20
78,25,32
82,25,68
85,25,46
86,25,54
87,25,77
89,25,78
93,25,44
95,25,41
99,25,37
100,25,73
101,25,62
102,25,58
104,25,32
106,25,30
109,25,25
114,25,19
119,25,73
120,25,85
121,25,46
123,25,96
124,25,37
126,25,73
129,25,87
132,25,80
133,25,3
134,25,19
136,25,44
141,25,85
142,25,88
145,25,85
147,25,11
149,25,67
151,25,2
152,25,3
158,25,27
163,25,70
164,25,63
165,25,4
169,25,72
172,25,62
176,25,35
182,25,5
183,25,50
184,25,32
185,25,50
186,25,70
187,25,74
189,25,53
190,25,39
198,25,69
1,26,76
2,26,2
4,26,88
5,26,29
6,26,79
7,26,73
10,26,41
15,26,34
16,26,70
17,26,90
18,26,81
19,26,32
21,26,40
23,26,48
26,26,69
27,26,93
35,26,78
38,26,57
41,26,20
42,26,94
48,26,44
52,26,39
53,26,35
56,26,4
57,26,21
58,26,82
61,26,29
62,26,25
69,26,90
71,26,7
77,26,20
79,26,70
82,26,73
84,26,96
92,26,30
94,26,68
98,26,56
100,26,42
101,26,12
102,26,63
103,26,55
104,26,73
107,26,89
109,26,34
110,26,41
112,26,14
113,26,48
116,26,49
118,26,8
120,26,42
121,26,67
122,26,99
127,26,2
128,26,87
129,26,3
130,26,4
131,26,27
132,26,52
133,26,94
135,26,20
136,26,4
143,26,26
148,26,17
149,26,91
154,26,70
156,26,65
161,26,10
167,26,11
172,26,26
176,26,73
177,26,19
178,26,71
182,26,48
186,26,21
188,26,73
189,26,99
190,26,30
191,26,26
194,26,75
197,26,18
4,27,84
7,27,39
14,27,1
15,27,46
16,27,1
22,27,44
23,27,88
24,27,49
25,27,46
32,27,53
38,27,44
41,27,32
43,27,9
45,27,53
47,27,61
51,27,97
53,27,66
55,27,7
58,27,61
62,27,78
63,27,45
66,27,82
67,27,51
71,27,82
72,27,98
74,27,92
75,27,29
76,27,99
78,27,16
79,27,51
81,27,20
86,27,50
87,27,7
89,27,66
91,27,62
99,27,79
100,27,80
101,27,71
103,27,33
107,27,47
108,27,96
109,27,46
111,27,41
115,27,60
124,27,55
125,27,94
126,27,58
129,27,46
132,27,69
133,27,92
135,27,3
136,27,14
137,27,28
138,27,96
139,27,86
141,27,97
144,27,66
146,27,90
147,27,21
148,27,76
151,27,53
152,27,97
155,27,47
159,27,70
160,27,40
161,27,30
165,27,43
167,27,17
168,27,57
169,27,59
172,27,17
175,27,24
183,27,48
184,27,73
187,27,17
192,27,17
193,27,15
197,27,49
198,27,32
199,27,69
2,28,83
4,28,97
6,28,15
7,28,11
10,28,67
11,28,13
13,28,73
14,28,54
18,28,21
20,28,72
22,28,87
24,28,34
25,28,92
28,28,53
30,28,77
31,28,84
32,28,83
36,28,31
39,28,56
42,28,52
50,28,59
54,28,17
55,28,17
57,28,1
58,28,46
59,28,11
60,28,59
62,28,84
63,28,41
66,28,91
69,28,72
70,28,7
73,28,61
75,28,12
78,28,99
80,28,73
81,28,61
82,28,86
84,28,63
85,28,61
88,28,98
89,28,80
90,28,15
91,28,97
97,28,4
99,28,93
101,28,14
103,28,42
106,28,21
115,28,82
116,28,72
117,28,20
120,28,16
122,28,28
124,28,67
126,28,79
137,28,87
141,28,88
144,28,5
147,28,9
148,28,89
149,28,56
151,28,81
153,28,43
157,28,50
158,28,16
159,28,15
161,28,22
164,28,77
165,28,68
167,28,21
172,28,23
177,28,41
184,28,51
189,28,29
195,28,83
197,28,31
4,29,19
5,29,27
13,29,64
15,29,88
16,29,17
17,29,81
18,29,85
20,29,41
21,29,17
22,29,98
23,29,35
26,29,40
29,29,85
30,29,12
37,29,91
39,29,96
41,29,7
48,29,74
49,29,24
51,29,32
54,29,59
55,29,82
57,29,99
59,29,39
61,29,43
62,29,19
63,29,88
74,29,66
78,29,41
79,29,40
81,29,64
82,29,22
83,29,66
84,29,14
85,29,52
86,29,90
89,29,85
91,29,1
92,29,65
94,29,66
95,29,71
99,29,23
100,29,16
101,29,45
119,29,54
122,29,5
123,29,64
125,29,37
127,29,85
130,29,92
131,29,9
132,29,11
134,29,94
135,29,63
136,29,34
138,29,88
139,29,53
142,29,91
143,29,23
145,29,74
147,29,94
148,29,10
151,29,24
152,29,37
153,29,57
154,29,11
157,29,64
158,29,60
159,29,52
161,29,6
162,29,84
165,29,4
167,29,47
169,29,30
171,29,52
172,29,2
177,29,39
178,29,42
179,29,97
183,29,19
190,29,99
192,29,70
194,29,53
195,29,54
197,29,28
199,29,20
2,30,90
3,30,65
5,30,71
10,30,67
15,30,98
16,30,36
18,30,87
22,30,30
24,30,89
25,30,20
33,30,19
34,30,60
38,30,62
40,30,13
42,30,3
43,30,1
44,30,67
45,30,23
49,30,28
53,30,31
55,30,91
57,30,28
58,30,68
60,30,90
64,30,51
65,30,83
66,30,74
67,30,99
69,30,91
71,30,17
73,30,90
74,30,65
75,30,36
80,30,6
81,30,72
84,30,54
87,30,98
91,30,63
92,30,93
98,30,72
102,30,63
103,30,62
104,30,73
105,30,64
106,30,54
108,30,49
110,30,68
112,30,23
113,30,67
114,30,73
118,30,31
123,30,2
128,30,91
129,30,30
133,30,76
135,30,49
138,30,24
140,30,34
141,30,8
142,30,74
147,30,6
148,30,54
150,30,23
151,30,96
152,30,61
153,30,32
154,30,99
155,30,89
156,30,24
157,30,60
158,30,95
160,30,65
162,30,24
163,30,44
164,30,74
171,30,90
172,30,4
173,30,29
174,30,74
175,30,83
177,30,20
178,30,16
179,30,16
181,30,88
183,30,53
184,30,44
189,30,50
191,30,35
192,30,52
194,30,81
196,30,52
4,31,5
6,31,59
10,31,9
18,31,85
19,31,33
20,31,7
21,31,8
24,31,60
27,31,19
30,31,70
31,31,7
33,31,82
34,31,2
38,31,20
40,31,99
42,31,18
44,31,80
48,31,53
49,31,40
51,31,1
57,31,46
59,31,50
61,31,49
62,31,63
64,31,47
68,31,8
69,31,22
71,31,82
73,31,54
75,31,82
76,31,46
77,31,25
78,31,30
79,31,17
81,31,47
86,31,50
88,31,38
91,31,11
92,31,54
100,31,61
101,31,47
108,31,35
112,31,19
113,31,82
114,31,2
116,31,5
121,31,84
124,31,27
129,31,73
131,31,24
132,31,81
134,31,2
135,31,2
136,31,66
139,31,41
142,31,22
144,31,48
145,31,69
146,31,19
147,31,93
149,31,23
154,31,63
156,31,11
159,31,62
160,31,79
162,31,93
163,31,81
167,31,13
168,31,88
169,31,53
171,31,71
175,31,95
180,31,11
184,31,81
192,31,76
193,31,34
194,31,27
197,31,57
198,31,24
3,32,67
5,32,56
9,32,58
11,32,47
15,32,49
16,32,24
17,32,43
23,32,1
26,32,16
29,32,53
30,32,30
32,32,42
35,32,54
38,32,18
39,32,62
43,32,24
44,32,2
45,32,48
48,32,92
50,32,42
51,32,61
56,32,54
57,32,73
58,32,65
60,32,58
62,32,52
69,32,47
74,32,59
75,32,26
84,32,44
85,32,33
86,32,40
87,32,64
88,32,28
90,32,42
98,32,90
100,32,11
101,32,6
103,32,90
105,32,77
107,32,86
110,32,63
114,32,79
115,32,7
118,32,83
119,32,48
124,32,45
127,32,49
128,32,51
131,32,70
136,32,25
139,32,6
140,32,30
141,32,7
142,32,54
143,32,29
145,32,73
148,32,36
149,32,20
150,32,43
152,32,96
157,32,2
160,32,68
161,32,3
163,32,21
164,32,62
171,32,93
173,32,19
178,32,6
182,32,19
184,32,79
185,32,71
189,32,17
191,32,44
192,32,97
194,32,21
196,32,43
197,32,69
198,32,90
199,32,54
0,33,42
1,33,7
2,33,7
3,33,18
4,33,18
5,33,84
9,33,8
11,33,53
14,33,3
16,33,29
17,33,10
19,33,33
21,33,35
22,33,46
23,33,84
24,33,44
25,33,2
27,33,4
31,33,38
36,33,39
37,33,87
41,33,38
44,33,44
45,33,96
47,33,73
52,33,15
54,33,39
55,33,96
57,33,30
59,33,86
63,33,25
64,33,42
72,33,18
80,33,33
81,33,20
82,33,92
84,33,52
85,33,5
92,33,13
94,33,25
97,33,87
101,33,31
103,33,80
107,33,52
108,33,61
110,33,75
111,33,81
113,33,85
115,33,78
118,33,72
119,33,99
127,33,57
129,33,75
131,33,83
132,33,51
133,33,6
134,33,50
137,33,62
142,33,99
143,33,24
144,33,48
145,33,10
146,33,6
148,33,51
152,33,93
157,33,64
166,33,31
167,33,7
169,33,68
170,33,47
172,33,31
173,33,13
175,33,47
176,33,58
177,33,30
179,33,89
187,33,72
189,33,41
192,33,91
199,33,70
5,34,40
6,34,46
8,34,63
9,34,56
10,34,11
11,34,50
13,34,97
21,34,83
24,34,75
33,34,75
36,34,31
37,34,93
39,34,42
41,34,42
44,34,89
45,34,14
48,34,84
50,34,9
51,34,53
52,34,7
54,34,31
55,34,2
57,34,46
58,34,67
62,34,2
65,34,28
67,34,63
68,34,27
69,34,47
70,34,47
77,34,39
80,34,46
83,34,34
86,34,82
89,34,84
90,34,52
94,34,48
98,34,14
99,34,94
101,34,22
108,34,94
113,34,74
115,34,71
116,34,87
118,34,25
119,34,50
123,34,34
126,34,94
130,34,61
132,34,17
133,34,41
134,34,39
135,34,4
137,34,86
141,34,45
142,34,61
145,34,27
147,34,88
149,34,26
152,34,25
157,34,82
160,34,49
163,34,49
164,34,84
165,34,67
166,34,6
167,34,72
169,34,67
172,34,3
175,34,70
176,34,17
180,34,52
182,34,63
183,34,57
184,34,96
187,34,5
191,34,74
195,34,47
198,34,20
0,35,20
1,35,90
2,35,1
6,35,35
8,35,49
10,35,32
13,35,88
14,35,66
20,35,18
21,35,3
24,35,94
25,35,5
27,35,15
28,35,18
33,35,68
35,35,54
38,35,62
39,35,56
41,35,49
42,35,8
45,35,54
47,35,84
49,35,17
53,35,1
54,35,29
57,35,70
58,35,29
60,35,50
62,35,51
63,35,41
64,35,12
68,35,41
70,35,54
72,35,33
73,35,35
74,35,91
75,35,46
79,35,19
83,35,62
85,35,58
87,35,68
88,35,83
94,35,18
96,35,47
101,35,35
106,35,5
109,35,93
113,35,78
115,35,41
116,35,70
121,35,47
122,35,38
123,35,86
126,35,19
127,35,38
131,35,49
133,35,15
136,35,12
137,35,43
141,35,16
144,35,74
148,35,45
149,35,49
150,35,5
152,35,16
156,35,6
157,35,21
159,35,77
160,35,19
167,35,25
168,35,86
169,35,14
172,35,48
175,35,11
178,35,75
180,35,90
183,35,73
184,35,62
187,35,74
190,35,26
192,35,6
195,35,42
1,36,98
6,36,20
13,36,74
16,36,94
20,36,60
26,36,44
27,36,52
29,36,81
32,36,31
36,36,60
39,36,1
41,36,16
47,36,27
51,36,35
53,36,11
56,36,38
58,36,63
65,36,58
76,36,97
78,36,94
81,36,60
82,36,52
83,36,65
85,36,16
87,36,68
89,36,72
90,36,86
93,36,8
95,36,90
96,36,10
97,36,47
98,36,92
99,36,29
100,36,69
102,36,2
104,36,92
110,36,52
113,36,18
116,36,89
120,36,85
121,36,34
123,36,86
130,36,36
132,36,92
137,36,63
139,36,91
144,36,80
145,36,87
155,36,81
156,36,27
157,36,77
159,36,77
166,36,52
171,36,33
175,36,61
176,36,80
180,36,64
181,36,88
189,36,31
190,36,96
192,36,14
196,36,91
197,36,4
0,37,50
1,37,64
2,37,86
9,37,96
10,37,98
11,37,37
16,37,25
19,37,50
22,37,66
24,37,64
26,37,50
27,37,25
30,37,68
32,37,11
34,37,87
35,37,11
36,37,5
42,37,63
43,37,72
47,37,19
48,37,66
50,37,57
51,37,52
53,37,73
55,37,90
57,37,82
58,37,85
59,37,7
60,37,89
61,37,15
67,37,23
69,37,4
72,37,48
73,37,76
75,37,6
76,37,63
78,37,14
80,37,55
81,37,64
82,37,31
86,37,51
89,37,6
97,37,31
99,37,18
102,37,76
105,37,88
108,37,29
110,37,98
114,37,87
116,37,45
117,37,79
118,37,60
121,37,38
122,37,27
126,37,20
130,37,2
135,37,88
136,37,35
137,37,88
146,37,2
147,37,56
149,37,50
153,37,85
155,37,47
156,37,26
157,37,81
158,37,81
161,37,70
163,37,70
165,37,57
171,37,63
176,37,71
178,37,80
179,37,67
181,37,97
184,37,22
185,37,26
189,37,59
191,37,55
194,37,56
195,37,15
196,37,78
199,37,72
1,38,23
3,38,82
4,38,23
5,38,56
13,38,76
15,38,91
16,38,25
19,38,96
20,38,23
22,38,62
23,38,41
25,38,17
32,38,84
33,38,60
34,38,96
35,38,35
37,38,60
38,38,66
39,38,28
42,38,71
43,38,51
44,38,89
46,38,6
47,38,63
49,38,81
53,38,48
58,38,24
59,38,96
60,38,89
63,38,97
64,38,94
66,38,94
69,38,81
70,38,6
72,38,35
73,38,88
77,38,80
80,38,77
82,38,84
85,38,99
86,38,73
87,38,52
93,38,94
96,38,26
101,38,39
104,38,42
110,38,22
111,38,3
113,38,16
114,38,44
117,38,71
118,38,78
119,38,1
121,38,10
124,38,2
125,38,94
130,38,52
133,38,52
136,38,4
138,38,46
142,38,67
145,38,21
146,38,98
148,38,42
149,38,56
152,38,45
161,38,77
167,38,33
169,38,8
173,38,20
174,38,14
175,38,47
177,38,43
178,38,28
179,38,49
186,38,98
192,38,44
195,38,58
196,38,37
0,39,51
1,39,32
6,39,43
7,39,67
8,39,16
10,39,80
11,39,7
15,39,61
17,39,73
18,39,44
19,39,11
22,39,14
24,39,16
29,39,13
30,39,94
34,39,82
37,39,93
41,39,61
43,39,53
48,39,23
52,39,26
53,39,33
55,39,92
56,39,67
57,39,28
59,39,85
61,39,55
62,39,55
63,39,4
72,39,89
76,39,27
84,39,19
85,39,66
95,39,73
100,39,11
101,39,66
102,39,68
103,39,80
111,39,43
123,39,16
124,39,65
125,39,64
129,39,50
131,39,49
132,39,76
133,39,49
134,39,96
135,39,37
140,39,44
144,39,28
145,39,69
147,39,46
151,39,25
153,39,31
154,39,54
155,39,98
158,39,82
162,39,34
166,39,4
171,39,67
173,39,37
174,39,70
175,39,27
179,39,22
180,39,49
182,39,96
183,39,85
184,39,68
186,39,9
188,39,71
192,39,97
194,39,41
197,39,34
198,39,18
199,39,63
0,40,92
5,40,1
8,40,25
10,40,1
11,40,60
15,40,11
17,40,75
20,40,45
21,40,27
22,40,40
23,40,75
29,40,86
33,40,66
36,40,74
38,40,59
39,40,51
40,40,56
44,40,61
45,40,38
47,40,28
50,40,33
53,40,81
54,40,57
59,40,65
60,40,80
63,40,4
69,40,16
70,40,60
73,40,1
74,40,34
75,40,25
76,40,81
77,40,8
80,40,28
85,40,93
92,40,42
94,40,47
96,40,86
97,40,42
102,40,98
104,40,11
105,40,81
113,40,5
114,40,43
117,40,89
119,40,85
124,40,58
127,40,59
130,40,60
132,40,50
134,40,97
138,40,28
141,40,5
143,40,76
145,40,25
146,40,30
147,40,93
148,40,76
149,40,93
151,40,34
154,40,72
155,40,7
157,40,39
158,40,55
159,40,41
165,40,31
166,40,85
168,40,21
174,40,59
175,40,8
178,40,39
179,40,10
185,40,26
189,40,38
190,40,30
191,40,28
193,40,39
194,40,35
195,40,61
196,40,38
5,41,11
10,41,95
13,41,26
22,41,86
23,41,43
25,41,7
26,41,48
29,41,28
35,41,91
39,41,44
42,41,22
44,41,17
45,41,5
46,41,48
47,41,63
50,41,4
54,41,48
56,41,59
59,41,28
60,41,68
63,41,9
65,41,17
66,41,90
68,41,70
69,41,94
74,41,98
75,41,14
77,41,95
79,41,15
83,41,22
84,41,65
87,41,46
91,41,24
93,41,5
95,41,5
96,41,66
97,41,94
98,41,63
101,41,70
103,41,21
106,41,19
107,41,85
108,41,13
109,41,76
110,41,36
113,41,48
116,41,32
117,41,90
118,41,10
121,41,92
124,41,6
127,41,36
132,41,46
133,41,31
136,41,6
137,41,83
143,41,55
144,41,45
145,41,12
147,41,96
150,41,89
155,41,42
158,41,64
159,41,80
161,41,78
162,41,87
166,41,10
168,41,13
169,41,47
171,41,46
178,41,88
179,41,48
180,41,66
181,41,56
182,41,23
183,41,24
184,41,85
185,41,76
187,41,55
189,41,36
191,41,63
192,41,6
194,41,32
199,41,7
2,42,65
5,42,66
6,42,26
7,42,77
8,42,92
11,42,79
20,42,20
22,42,24
24,42,81
25,42,68
27,42,53
28,42,77
33,42,40
35,42,30
36,42,30
39,42,75
40,42,40
47,42,69
58,42,38
60,42,45
62,42,2
63,42,46
65,42,49
66,42,48
73,42,91
74,42,6
75,42,25
78,42,51
85,42,39
88,42,30
91,42,96
92,42,82
93,42,6
94,42,34
99,42,43
103,42,86
105,42,52
111,42,23
113,42,25
119,42,53
121,42,2
122,42,96
123,42,54
124,42,13
127,42,84
129,42,49
132,42,33
134,42,70
135,42,48
137,42,54
141,42,10
144,42,46
147,42,42
148,42,9
149,42,12
150,42,95
153,42,22
156,42,62
160,42,50
163,42,79
167,42,61
168,42,37
174,42,87
176,42,36
178,42,12
179,42,98
181,42,89
192,42,89
194,42,5
197,42,38
199,42,67
0,43,82
1,43,99
3,43,21
5,43,3
10,43,25
11,43,75
13,43,77
14,43,25
15,43,67
21,43,27
23,43,85
24,43,75
29,43,46
31,43,5
38,43,60
39,43,51
44,43,60
45,43,86
46,43,83
50,43,80
55,43,41
56,43,71
64,43,76
66,43,9
67,43,14
69,43,65
71,43,46
73,43,70
75,43,92
76,43,20
83,43,49
86,43,14
89,43,79
91,43,72
94,43,26
101,43,67
103,43,64
105,43,74
106,43,74
107,43,82
108,43,43
109,43,66
111,43,41
112,43,54
118,43,55
119,43,57
120,43,93
124,43,17
125,43,69
128,43,37
132,43,17
138,43,4
143,43,68
147,43,33
150,43,46
151,43,93
152,43,23
153,43,54
155,43,40
157,43,67
158,43,96
159,43,73
162,43,94
163,43,51
164,43,2
165,43,38
166,43,87
168,43,29
171,43,58
172,43,27
174,43,70
175,43,42
176,43,74
178,43,29
179,43,77
181,43,4
186,43,17
188,43,97
190,43,38
191,43,2
193,43,43
194,43,95
197,43,76
2,44,51
6,44,2
7,44,81
8,44,12
9,44,85
10,44,96
12,44,72
15,44,52
19,44,58
22,44,66
23,44,8
25,44,82
28,44,16
29,44,46
33,44,52
34,44,80
35,44,33
36,44,19
45,44,1
47,44,90
50,44,82
52,44,6
61,44,73
64,44,77
68,44,55
69,44,62
71,44,55
79,44,99
85,44,33
86,44,81
87,44,54
88,44,5
94,44,87
96,44,74
98,44,76
101,44,66
102,44,90
104,44,3
109,44,77
110,44,67
115,44,34
120,44,98
124,44,14
129,44,27
130,44,93
131,44,37
134,44,68
135,44,91
136,44,43
137,44,35
138,44,38
140,44,99
141,44,33
142,44,92
145,44,57
149,44,23
150,44,42
151,44,11
152,44,91
157,44,51
161,44,6
165,44,89
168,44,96
173,44,34
178,44,12
179,44,75
181,44,8
183,44,82
184,44,10
185,44,13
186,44,7
188,44,89
189,44,59
190,44,34
191,44,92
192,44,53
194,44,89
195,44,58
2,45,71
4,45,9
5,45,5
8,45,18
12,45,43
13,45,19
14,45,49
15,45,80
19,45,25
23,45,7
26,45,18
34,45,28
36,45,27
39,45,20
41,45,31
43,45,54
46,45,24
47,45,29
48,45,41
49,45,55
50,45,9
51,45,33
53,45,26
54,45,56
57,45,34
58,45,53
60,45,38
66,45,20
71,45,24
72,45,17
74,45,96
76,45,43
78,45,57
79,45,61
84,45,44
85,45,48
88,45,53
89,45,93
90,45,44
93,45,84
95,45,91
99,45,6
102,45,50
104,45,91
105,45,81
107,45,52
108,45,20
109,45,63
114,45,81
116,45,80
117,45,98
119,45,95
121,45,96
124,45,73
126,45,30
127,45,58
129,45,80
130,45,79
131,45,44
133,45,72
135,45,38
137,45,2
138,45,34
139,45,65
140,45,55
143,45,25
148,45,55
150,45,9
152,45,57
160,45,86
161,45,76
162,45,54
165,45,11
167,45,66
171,45,89
175,45,58
177,45,43
180,45,13
181,45,57
184,45,60
189,45,48
195,45,25
196,45,62
197,45,99
3,46,99
11,46,23
12,46,61
13,46,32
15,46,99
19,46,41
23,46,39
27,46,22
29,46,51
31,46,9
32,46,48
33,46,18
34,46,59
35,46,57
36,46,99
38,46,96
40,46,16
41,46,99
42,46,25
45,46,48
46,46,88
47,46,85
49,46,14
57,46,23
66,46,25
68,46,24
69,46,8
71,46,67
73,46,95
79,46,1
81,46,6
82,46,91
83,46,55
86,46,76
87,46,26
90,46,5
96,46,65
97,46,83
98,46,67
99,46,73
105,46,47
108,46,71
110,46,21
111,46,72
116,46,11
122,46,86
123,46,67
125,46,64
126,46,26
127,46,91
129,46,53
130,46,10
131,46,81
132,46,36
136,46,56
140,46,13
142,46,72
144,46,18
146,46,9
148,46,35
149,46,43
153,46,54
157,46,3
163,46,21
166,46,71
167,46,67
169,46,20
171,46,77
173,46,82
174,46,45
175,46,77
178,46,38
179,46,30
183,46,89
186,46,58
189,46,53
190,46,4
192,46,69
193,46,93
194,46,99
197,46,23
0,47,67
3,47,66
6,47,66
10,47,80
16,47,6
19,47,76
21,47,36
22,47,46
24,47,65
25,47,13
27,47,27
30,47,49
33,47,7
36,47,77
37,47,33
40,47,91
41,47,78
42,47,63
43,47,81
47,47,39
50,47,82
51,47,48
53,47,98
56,47,31
60,47,76
61,47,77
63,47,66
64,47,53
66,47,50
68,47,34
70,47,9
72,47,86
75,47,57
76,47,19
80,47,42
83,47,69
85,47,17
86,47,54
88,47,59
92,47,94
99,47,5
100,47,9
101,47,27
105,47,90
107,47,47
108,47,2
109,47,72
110,47,7
114,47,26
118,47,73
119,47,86
122,47,91
124,47,90
126,47,37
127,47,30
129,47,94
131,47,14
136,47,93
137,47,82
138,47,29
139,47,89
141,47,13
142,47,15
149,47,16
155,47,22
156,47,34
158,47,52
162,47,70
165,47,63
169,47,66
170,47,5
172,47,38
175,47,16
179,47,58
181,47,84
187,47,34
191,47,82
192,47,75
196,47,74
198,47,97
3,48,45
4,48,19
5,48,81
6,48,71
8,48,19
10,48,4
11,48,8
13,48,67
16,48,18
17,48,83
19,48,80
23,48,30
24,48,2
26,48,92
36,48,32
39,48,51
40,48,12
41,48,52
42,48,25
44,48,86
48,48,90
50,48,70
52,48,17
54,48,82
55,48,87
58,48,64
59,48,5
62,48,51
65,48,56
71,48,24
72,48,25
77,48,50
84,48,63
85,48,46
86,48,12
88,48,4
90,48,82
91,48,4
93,48,92
94,48,3
95,48,19
96,48,86
97,48,63
102,48,2
103,48,2
104,48,91
105,48,45
108,48,10
114,48,40
115,48,82
117,48,33
118,48,30
122,48,27
125,48,6
127,48,5
131,48,12
132,48,61
134,48,2
136,48,92
138,48,94
139,48,46
143,48,73
144,48,15
145,48,22
146,48,49
152,48,17
154,48,92
155,48,1
156,48,12
157,48,88
158,48,93
160,48,15
161,48,92
162,48,20
163,48,30
169,48,63
176,48,14
180,48,14
182,48,88
184,48,81
191,48,29
195,48,6
199,48,83
1,49,18
6,49,98
10,49,6
16,49,48
17,49,29
18,49,42
22,49,84
27,49,83
28,49,55
33,49,38
36,49,92
39,49,24
44,49,21
45,49,18
49,49,48
50,49,19
51,49,46
52,49,52
54,49,68
63,49,38
64,49,35
65,49,63
72,49,96
73,49,1
80,49,27
81,49,85
84,49,65
87,49,12
88,49,2
89,49,65
92,49,27
93,49,93
95,49,14
97,49,18
100,49,74
101,49,99
102,49,97
103,49,34
104,49,92
110,49,84
115,49,13
116,49,89
118,49,73
120,49,46
123,49,22
124,49,1
125,49,58
128,49,92
129,49,28
135,49,34
138,49,11
139,49,24
140,49,34
148,49,49
150,49,44
151,49,20
155,49,77
158,49,83
159,49,91
165,49,70
168,49,64
170,49,69
173,49,38
182,49,27
185,49,19
189,49,93
193,49,14
195,49,55
197,49,30
199,49,53
0,50,90
3,50,68
7,50,55
8,50,76
9,50,9
14,50,47
15,50,67
17,50,85
21,50,13
24,50,42
25,50,40
32,50,41
33,50,73
36,50,86
41,50,9
44,50,91
46,50,29
49,50,74
50,50,56
51,50,12
52,50,44
56,50,16
57,50,50
58,50,38
59,50,68
60,50,2
62,50,44
64,50,47
65,50,68
68,50,95
70,50,55
72,50,45
79,50,97
81,50,48
82,50,67
85,50,10
86,50,23
87,50,62
89,50,33
90,50,70
91,50,53
95,50,30
98,50,14
102,50,89
104,50,45
106,50,13
111,50,70
112,50,26
113,50,26
117,50,8
121,50,78
129,50,66
131,50,25
136,50,67
141,50,42
144,50,33
147,50,66
154,50,74
157,50,39
164,50,99
167,50,53
169,50,51
170,50,63
173,50,70
176,50,21
177,50,29
178,50,2
179,50,47
182,50,24
184,50,19
185,50,38
186,50,29
187,50,18
190,50,68
195,50,46
196,50,74
197,50,60
199,50,26
3,51,21
5,51,45
6,51,12
7,51,83
9,51,89
10,51,3
12,51,68
14,51,81
17,51,86
18,51,76
20,51,73
24,51,36
25,51,22
27,51,77
30,51,24
32,51,95
33,51,53
34,51,12
36,51,29
37,51,30
39,51,16
40,51,39
41,51,61
43,51,15
45,51,21
48,51,46
55,51,53
57,51,60
58,51,20
63,51,6
64,51,89
65,51,39
66,51,3
68,51,47
69,51,50
70,51,39
72,51,8
75,51,52
77,51,41
78,51,54
79,51,32
81,51,64
85,51,68
87,51,74
92,51,67
93,51,40
95,51,53
99,51,92
100,51,92
107,51,18
108,51,38
109,51,87
115,51,71
118,51,44
120,51,13
122,51,57
123,51,85
127,51,56
130,51,25
134,51,60
137,51,27
138,51,58
142,51,57
149,51,2
156,51,85
157,51,53
163,51,73
166,51,39
167,51,58
169,51,62
170,51,76
173,51,39
174,51,65
175,51,59
183,51,83
186,51,40
189,51,82
192,51,68
195,51,23
198,51,99
1,52,28
3,52,75
8,52,50
11,52,98
13,52,17
19,52,95
22,52,37
23,52,57
27,52,47
31,52,68
39,52,59
40,52,51
42,52,89
43,52,87
45,52,46
52,52,59
54,52,79
56,52,86
57,52,30
60,52,61
62,52,20
63,52,72
65,52,32
66,52,81
68,52,16
70,52,6
72,52,3
73,52,37
75,52,13
86,52,99
87,52,71
88,52,90
90,52,74
91,52,39
93,52,14
95,52,65
96,52,27
98,52,13
104,52,13
106,52,98
107,52,88
111,52,86
112,52,93
114,52,29
115,52,81
116,52,45
117,52,6
118,52,41
121,52,8
122,52,34
126,52,52
127,52,44
128,52,43
129,52,50
137,52,84
140,52,78
141,52,81
142,52,45
143,52,80
144,52,42
145,52,24
147,52,29
149,52,73
150,52,32
154,52,8
155,52,86
159,52,35
160,52,57
163,52,57
164,52,43
165,52,10
171,52,37
176,52,53
178,52,53
180,52,42
183,52,18
184,52,61
185,52,37
186,52,20
188,52,62
190,52,99
192,52,96
193,52,43
195,52,24
196,52,66
197,52,44
3,53,61
4,53,86
5,53,15
7,53,14
8,53,51
9,53,17
10,53,1
11,53,43
13,53,22
14,53,56
16,53,88
18,53,96
19,53,14
20,53,34
21,53,13
26,53,89
29,53,63
33,53,31
35,53,17
41,53,10
43,53,59
44,53,48
45,53,55
47,53,6
49,53,16
52,53,65
53,53,71
55,53,22
57,53,11
59,53,36
61,53,91
66,53,14
68,53,79
72,53,7
76,53,67
77,53,60
78,53,70
81,53,12
83,53,25
84,53,79
88,53,20
90,53,18
91,53,32
93,53,53
95,53,55
98,53,60
99,53,68
100,53,43
106,53,78
107,53,91
108,53,47
109,53,17
111,53,68
116,53,88
118,53,6
124,53,41
126,53,68
128,53,13
129,53,74
130,53,95
132,53,7
134,53,93
136,53,49
139,53,62
141,53,97
142,53,39
143,53,44
145,53,78
148,53,4
151,53,8
153,53,97
154,53,75
157,53,71
160,53,73
161,53,41
162,53,52
163,53,79
164,53,82
165,53,44
170,53,57
175,53,5
176,53,57
179,53,40
181,53,5
182,53,4
183,53,38
184,53,24
187,53,22
192,53,16
194,53,57
197,53,1
199,53,27
1,54,14
2,54,15
3,54,2
5,54,61
7,54,77
8,54,51
11,54,20
16,54,96
18,54,97
22,54,50
25,54,48
28,54,66
29,54,10
30,54,8
31,54,41
33,54,83
35,54,21
36,54,10
39,54,84
46,54,55
48,54,95
49,54,65
53,54,20
54,54,70
56,54,27
59,54,65
62,54,92
66,54,65
68,54,61
69,54,54
74,54,95
75,54,58
78,54,30
87,54,94
88,54,53
90,54,15
92,54,88
93,54,78
94,54,10
98,54,81
100,54,88
102,54,6
103,54,58
106,54,41
108,54,17
110,54,78
111,54,74
112,54,69
117,54,80
119,54,21
121,54,48
123,54,3
124,54,6
127,54,62
129,54,82
133,54,53
135,54,85
136,54,89
142,54,93
145,54,34
149,54,96
152,54,58
156,54,77
162,54,72
163,54,55
164,54,17
165,54,62
166,54,70
167,54,33
168,54,51
172,54,15
182,54,42
183,54,23
184,54,97
185,54,78
195,54,60
199,54,27
2,55,11
3,55,95
4,55,38
10,55,26
11,55,6
14,55,17
15,55,49
16,55,61
17,55,15
19,55,93
20,55,78
23,55,27
24,55,51
29,55,26
32,55,35
35,55,26
40,55,29
42,55,79
43,55,97
44,55,32
45,55,7
46,55,90
47,55,59
49,55,98
54,55,69
55,55,61
57,55,7
59,55,49
60,55,80
61,55,30
66,55,52
67,55,7
72,55,3
78,55,87
80,55,63
81,55,54
82,55,7
84,55,90
85,55,2
86,55,19
88,55,54
89,55,73
90,55,43
93,55,17
96,55,68
102,55,45
110,55,32
111,55,27
112,55,51
116,55,66
117,55,77
119,55,75
123,55,84
126,55,69
131,55,26
132,55,25
135,55,6
139,55,91
140,55,41
141,55,50
142,55,37
145,55,48
149,55,58
150,55,51
152,55,39
154,55,53
155,55,24
157,55,19
158,55,58
161,55,4
162,55,92
166,55,72
167,55,85
168,55,94
170,55,64
174,55,29
177,55,95
186,55,40
187,55,7
190,55,52
196,55,73
198,55,18
199,55,82
1,56,64
5,56,5
8,56,1
9,56,93
10,56,32
14,56,50
15,56,33
16,56,20
18,56,94
19,56,99
20,56,79
21,56,54
23,56,81
24,56,58
26,56,18
29,56,60
31,56,23
38,56,64
41,56,68
44,56,89
45,56,36
53,56,12
58,56,82
59,56,90
62,56,45
66,56,76
70,56,81
73,56,85
80,56,46
84,56,42
86,56,80
88,56,45
90,56,55
91,56,79
93,56,1
94,56,41
98,56,43
101,56,77
102,56,82
103,56,98
105,56,66
111,56,86
114,56,70
116,56,64
118,56,78
120,56,19
122,56,80
125,56,99
128,56,7
134,56,58
139,56,49
140,56,36
141,56,61
143,56,73
149,56,84
151,56,26
152,56,38
155,56,19
158,56,38
161,56,87
162,56,7
163,56,68
164,56,13
165,56,92
167,56,96
168,56,3
169,56,91
172,56,67
173,56,43
174,56,14
175,56,92
178,56,74
181,56,45
183,56,23
188,56,59
192,56,71
196,56,32
0,57,50
6,57,59
11,57,71
14,57,98
17,57,8
18,57,26
24,57,5
26,57,9
27,57,58
28,57,17
29,57,30
33,57,1
35,57,11
36,57,25
38,57,37
39,57,27
41,57,60
46,57,96
47,57,6
50,57,14
51,57,8
52,57,46
53,57,84
54,57,26
55,57,88
58,57,99
61,57,82
63,57,49
64,57,42
65,57,62
69,57,58
70,57,70
72,57,36
73,57,15
74,57,96
75,57,98
77,57,83
80,57,68
87,57,54
88,57,4
91,57,90
92,57,91
93,57,89
95,57,2
97,57,95
99,57,18
100,57,77
102,57,85
104,57,84
106,57,47
110,57,30
112,57,89
113,57,27
114,57,51
118,57,37
120,57,18
124,57,28
127,57,81
133,57,27
136,57,47
140,57,52
142,57,16
143,57,32
147,57,34
148,57,11
150,57,84
152,57,10
153,57,13
157,57,72
159,57,11
166,57,59
168,57,48
170,57,15
174,57,15
176,57,42
178,57,82
181,57,36
182,57,91
184,57,2
187,57,42
189,57,89
191,57,88
192,57,76
193,57,43
194,57,92
197,57,68
198,57,40
2,58,11
3,58,13
4,58,57
6,58,90
7,58,67
8,58,35
9,58,85
10,58,71
11,58,12
12,58,29
15,58,7
16,58,89
18,58,48
20,58,97
22,58,21
24,58,16
26,58,47
27,58,68
31,58,35
32,58,61
33,58,32
35,58,14
36,58,80
38,58,58
39,58,36
40,58,97
41,58,21
42,58,49
43,58,5
48,58,22
49,58,17
50,58,85
52,58,85
57,58,21
58,58,5
62,58,58
63,58,91
64,58,50
66,58,41
67,58,46
68,58,89
69,58,53
70,58,63
71,58,40
72,58,74
73,58,81
82,58,93
83,58,57
86,58,87
87,58,13
90,58,92
92,58,7
95,58,45
96,58,70
97,58,15
98,58,86
100,58,39
101,58,36
105,58,38
106,58,23
110,58,65
111,58,90
112,58,65
114,58,11
116,58,99
117,58,30
118,58,97
121,58,79
122,58,38
128,58,45
131,58,35
132,58,48
135,58,8
136,58,28
137,58,30
139,58,12
143,58,66
145,58,85
147,58,75
151,58,84
152,58,21
156,58,91
158,58,27
161,58,46
164,58,75
167,58,92
169,58,26
176,58,51
179,58,50
180,58,85
183,58,75
185,58,51
186,58,67
188,58,76
189,58,5
0,59,56
1,59,50
3,59,68
7,59,98
10,59,63
12,59,23
22,59,33
23,59,68
24,59,84
25,59,66
26,59,2
29,59,59
31,59,72
35,59,64
36,59,79
37,59,7
40,59,14
41,59,82
42,59,35
49,59,15
52,59,44
53,59,55
57,59,46
58,59,8
61,59,73
63,59,21
66,59,26
68,59,44
69,59,67
70,59,62
76,59,42
82,59,60
84,59,9
85,59,67
89,59,46
92,59,95
95,59,39
96,59,40
97,59,78
99,59,46
101,59,22
103,59,1
106,59,76
110,59,70
112,59,85
113,59,23
116,59,57
117,59,57
118,59,97
120,59,85
125,59,88
127,59,17
129,59,97
130,59,11
133,59,88
134,59,82
136,59,85
140,59,23
141,59,35
143,59,30
145,59,16
146,59,78
147,59,53
148,59,36
150,59,18
151,59,37
152,59,69
157,59,69
158,59,6
159,59,23
161,59,59
163,59,50
166,59,22
167,59,49
168,59,11
170,59,91
174,59,41
177,59,77
178,59,57
179,59,81
182,59,7
186,59,92
187,59,54
194,59,31
195,59,73
196,59,42
197,59,76
198,59,96
0,60,19
1,60,65
2,60,70
4,60,68
6,60,3
10,60,2
12,60,21
13,60,78
14,60,28
15,60,52
19,60,20
20,60,65
21,60,2
22,60,54
29,60,75
34,60,48
36,60,60
39,60,70
42,60,82
43,60,10
47,60,2
51,60,8
53,60,45
54,60,18
55,60,56
60,60,47
63,60,8
65,60,60
68,60,4
70,60,60
74,60,98
77,60,95
79,60,23
80,60,24
81,60,28
82,60,38
84,60,84
87,60,59
89,60,52
92,60,86
94,60,76
98,60,44
99,60,15
101,60,99
108,60,99
111,60,42
112,60,80
115,60,46
118,60,20
119,60,40
120,60,45
121,60,8
122,60,52
127,60,26
133,60,3
134,60,2
135,60,99
137,60,76
149,60,96
152,60,41
153,60,25
154,60,8
157,60,56
161,60,45
164,60,7
167,60,23
168,60,95
169,60,18
170,60,65
171,60,36
177,60,44
180,60,71
182,60,37
185,60,37
193,60,18
194,60,51
196,60,33
199,60,52
1,61,32
3,61,66
8,61,73
9,61,49
10,61,35
11,61,82
16,61,42
21,61,24
29,61,20
34,61,2
36,61,73
37,61,86
42,61,40
48,61,19
49,61,21
50,61,25
52,61,73
53,61,77
54,61,68
57,61,9
58,61,35
59,61,95
63,61,45
65,61,48
66,61,71
67,61,84
68,61,90
72,61,63
73,61,75
80,61,22
81,61,51
83,61,63
86,61,7
93,61,95
94,61,76
101,61,90
102,61,39
104,61,22
105,61,63
106,61,71
113,61,50
114,61,8
115,61,94
122,61,85
124,61,37
129,61,26
130,61,5
132,61,29
134,61,3
136,61,49
137,61,64
139,61,51
141,61,98
143,61,10
147,61,27
149,61,14
151,61,45
154,61,12
159,61,7
161,61,88
163,61,33
165,61,81
167,61,25
171,61,23
175,61,54
177,61,53
178,61,69
182,61,38
184,61,66
185,61,25
186,61,39
189,61,2
190,61,48
192,61,86
194,61,67
197,61,98
199,61,35
3,62,65
4,62,35
5,62,15
9,62,9
12,62,94
13,62,28
17,62,30
19,62,14
20,62,91
25,62,79
29,62,61
32,62,89
35,62,3
40,62,49
41,62,33
45,62,87
51,62,72
54,62,45
55,62,56
57,62,60
61,62,96
63,62,93
71,62,53
72,62,73
75,62,74
80,62,90
83,62,12
87,62,25
91,62,62
92,62,57
96,62,1
98,62,78
99,62,92
101,62,71
106,62,90
107,62,7
108,62,32
110,62,64
112,62,44
113,62,58
117,62,8
118,62,14
119,62,93
125,62,93
126,62,71
129,62,13
132,62,88
135,62,18
139,62,40
141,62,95
143,62,42
146,62,42
156,62,84
163,62,9
169,62,24
170,62,1
171,62,64
173,62,2
174,62,13
175,62,14
179,62,71
181,62,38
182,62,66
186,62,66
189,62,39
192,62,26
197,62,44
198,62,74
1,63,77
2,63,47
3,63,3
8,63,84
9,63,56
12,63,17
13,63,52
18,63,85
19,63,80
20,63,27
25,63,28
26,63,35
30,63,7
33,63,12
35,63,41
36,63,20
37,63,61
38,63,1
39,63,38
41,63,57
44,63,17
50,63,49
52,63,14
54,63,55
55,63,21
56,63,68
60,63,65
63,63,75
66,63,31
67,63,21
71,63,46
74,63,51
75,63,92
80,63,86
85,63,45
91,63,34
103,63,37
104,63,83
107,63,39
111,63,38
113,63,93
114,63,92
115,63,81
117,63,50
119,63,9
121,63,51
122,63,44
125,63,26
126,63,80
127,63,62
128,63,66
131,63,97
134,63,7
137,63,71
140,63,72
141,63,75
142,63,31
146,63,12
147,63,84
148,63,96
150,63,61
153,63,16
158,63,33
159,63,34
161,63,73
164,63,58
165,63,44
166,63,6
168,63,29
169,63,37
172,63,80
174,63,64
180,63,58
181,63,30
182,63,18
184,63,23
185,63,90
186,63,71
188,63,45
190,63,3
192,63,88
196,63,22
198,63,77
1,64,26
2,64,92
3,64,48
5,64,4
6,64,27
7,64,48
10,64,74
14,64,61
18,64,93
22,64,14
27,64,76
28,64,57
30,64,91
31,64,47
32,64,16
35,64,27
36,64,15
39,64,69
40,64,2
41,64,12
42,64,48
43,64,84
56,64,25
59,64,88
61,64,40
62,64,17
64,64,70
67,64,19
70,64,60
71,64,27
74,64,71
75,64,98
78,64,81
83,64,80
84,64,98
88,64,92
91,64,42
97,64,60
98,64,86
99,64,88
102,64,63
104,64,67
107,64,31
109,64,77
110,64,38
114,64,15
117,64,29
119,64,61
120,64,97
123,64,56
131,64,79
132,64,25
133,64,6
134,64,27
135,64,10
136,64,90
137,64,21
139,64,73
141,64,36
142,64,67
152,64,39
154,64,13
157,64,64
159,64,78
160,64,71
167,64,20
168,64,62
170,64,46
173,64,95
174,64,22
175,64,42
183,64,87
184,64,37
186,64,81
187,64,90
188,64,42
190,64,81
191,64,26
193,64,26
194,64,11
195,64,3
196,64,18
0,65,43
1,65,41
2,65,46
3,65,72
5,65,74
9,65,7
10,65,40
13,65,84
15,65,68
17,65,97
21,65,29
22,65,2
27,65,59
29,65,71
33,65,78
36,65,56
37,65,99
42,65,43
44,65,68
45,65,25
47,65,65
50,65,6
52,65,82
56,65,34
60,65,84
66,65,75
69,65,95
72,65,66
76,65,14
77,65,42
78,65,51
79,65,3
80,65,52
84,65,37
86,65,42
91,65,72
92,65,36
94,65,50
95,65,70
96,65,78
98,65,52
99,65,34
100,65,21
101,65,86
102,65,66
106,65,21
107,65,65
117,65,76
119,65,40
120,65,32
122,65,48
123,65,79
125,65,93
126,65,48
129,65,94
130,65,39
131,65,52
132,65,95
135,65,6
137,65,5
138,65,45
139,65,69
142,65,4
144,65,29
145,65,48
147,65,37
148,65,41
150,65,81
154,65,40
155,65,87
156,65,3
158,65,3
160,65,31
169,65,90
174,65,71
181,65,99
182,65,75
183,65,31
189,65,96
193,65,27
195,65,32
196,65,50
198,65,52
199,65,26
0,66,32
1,66,98
2,66,90
4,66,20
5,66,83
8,66,86
9,66,4
12,66,37
13,66,23
14,66,19
15,66,85
18,66,56
19,66,4
22,66,79
23,66,78
25,66,45
30,66,5
35,66,60
36,66,51
37,66,60
46,66,37
48,66,44
49,66,36
51,66,63
52,66,87
54,66,52
55,66,39
58,66,78
63,66,85
67,66,66
68,66,74
69,66,65
70,66,32
71,66,94
73,66,81
74,66,63
78,66,55
82,66,17
85,66,80
86,66,3
88,66,8
101,66,23
102,66,20
103,66,46
110,66,82
111,66,57
113,66,39
114,66,8
116,66,78
118,66,97
119,66,58
127,66,19
134,66,87
136,66,79
141,66,91
144,66,28
145,66,22
146,66,43
148,66,60
149,66,4
150,66,43
154,66,63
159,66,1
165,66,10
172,66,67
173,66,58
178,66,55
181,66,51
182,66,69
191,66,45
192,66,52
195,66,85
196,66,55
197,66,56
2,67,71
6,67,5
8,67,88
9,67,73
11,67,47
14,67,98
16,67,48
18,67,13
19,67,89
21,67,29
24,67,28
26,67,92
28,67,70
30,67,84
33,67,73
34,67,12
36,67,22
37,67,17
38,67,90
39,67,97
44,67,99
47,67,83
49,67,96
51,67,30
54,67,94
55,67,97
59,67,60
60,67,54
61,67,26
63,67,48
69,67,96
70,67,90
72,67,38
76,67,83
77,67,89
79,67,17
84,67,93
87,67,76
88,67,75
89,67,4
94,67,6
95,67,55
100,67,14
101,67,4
102,67,83
103,67,86
104,67,81
106,67,69
113,67,36
114,67,89
115,67,78
118,67,63
120,67,48
122,67,52
123,67,88
124,67,15
126,67,75
128,67,17
133,67,13
138,67,51
139,67,49
140,67,44
143,67,42
144,67,18
146,67,21
147,67,17
149,67,82
151,67,86
159,67,14
161,67,6
162,67,81
163,67,7
164,67,5
166,67,19
167,67,61
172,67,71
173,67,76
174,67,77
177,67,68
178,67,58
181,67,27
183,67,66
185,67,99
191,67,16
192,67,6
194,67,92
196,67,13
197,67,34
2,68,9
3,68,79
8,68,99
9,68,42
13,68,85
15,68,30
21,68,35
23,68,33
24,68,91
25,68,86
29,68,96
31,68,20
33,68,27
34,68,37
36,68,45
38,68,56
39,68,48
40,68,72
42,68,46
43,68,91
44,68,80
45,68,82
47,68,2
48,68,22
51,68,34
54,68,18
55,68,90
57,68,67
62,68,70
65,68,36
66,68,62
69,68,1
70,68,17
71,68,22
72,68,67
74,68,47
76,68,85
77,68,42
81,68,4
83,68,57
86,68,95
87,68,11
89,68,8
90,68,79
91,68,91
95,68,64
96,68,70
102,68,8
107,68,81
110,68,2
111,68,88
118,68,23
120,68,34
122,68,13
123,68,46
126,68,5
130,68,81
133,68,7
134,68,77
135,68,24
136,68,18
137,68,89
138,68,28
142,68,22
143,68,48
148,68,6
150,68,50
152,68,71
153,68,32
156,68,2
160,68,12
161,68,81
165,68,85
168,68,7
172,68,52
176,68,96
178,68,70
185,68,72
189,68,81
196,68,52
198,68,41
199,68,68
0,69,93
4,69,15
7,69,49
8,69,51
12,69,59
14,69,48
20,69,60
24,69,53
26,69,95
29,69,34
33,69,25
34,69,3
37,69,29
40,69,60
42,69,84
43,69,50
47,69,45
48,69,92
51,69,81
62,69,16
64,69,14
66,69,27
67,69,28
68,69,78
70,69,78
73,69,21
82,69,42
83,69,95
84,69,38
86,69,59
87,69,23
91,69,99
98,69,39
99,69,62
102,69,38
104,69,70
106,69,42
110,69,92
113,69,10
121,69,80
126,69,34
128,69,79
133,69,91
135,69,12
138,69,90
140,69,19
141,69,70
142,69,79
145,69,65
150,69,83
151,69,45
153,69,50
155,69,75
157,69,44
158,69,33
159,69,87
160,69,97
161,69,27
162,69,25
164,69,40
167,69,10
171,69,15
176,69,76
179,69,81
180,69,93
184,69,59
188,69,39
190,69,75
191,69,69
195,69,39
196,69,14
197,69,65
198,69,11
2,70,42
7,70,50
8,70,38
15,70,78
18,70,39
19,70,74
20,70,87
23,70,61
24,70,28
25,70,35
26,70,94
27,70,72
32,70,14
35,70,1
43,70,4
47,70,98
54,70,87
58,70,85
63,70,46
65,70,40
69,70,15
72,70,70
73,70,15
75,70,40
77,70,7
78,70,47
80,70,38
86,70,80
92,70,52
96,70,64
98,70,56
99,70,6
101,70,79
106,70,56
107,70,27
108,70,64
109,70,53
110,70,38
116,70,31
117,70,10
118,70,7
119,70,31
120,70,40
124,70,22
125,70,35
129,70,49
135,70,8
139,70,33
143,70,68
147,70,64
148,70,36
150,70,43
151,70,38
153,70,75
156,70,47
157,70,32
158,70,22
159,70,53
164,70,31
165,70,20
166,70,52
168,70,11
170,70,80
171,70,75
172,70,7
173,70,94
175,70,74
178,70,89
179,70,17
180,70,33
181,70,79
185,70,82
188,70,92
189,70,23
196,70,92
198,70,65
0,71,80
3,71,79
11,71,60
12,71,64
15,71,15
21,71,82
27,71,43
28,71,89
30,71,43
31,71,28
32,71,95
33,71,36
35,71,47
37,71,70
38,71,75
41,71,78
42,71,60
49,71,58
51,71,84
54,71,6
55,71,94
56,71,34
59,71,9
61,71,48
62,71,42
63,71,70
64,71,30
65,71,65
66,71,2
68,71,34
70,71,22
71,71,13
77,71,16
80,71,27
83,71,80
84,71,64
85,71,59
86,71,63
91,71,14
93,71,84
98,71,93
99,71,71
100,71,95
104,71,56
105,71,96
106,71,59
109,71,67
110,71,25
112,71,35
114,71,68
117,71,78
119,71,62
120,71,62
122,71,91
123,71,85
125,71,80
126,71,17
129,71,51
130,71,17
136,71,36
140,71,17
145,71,16
147,71,99
149,71,51
150,71,84
151,71,95
153,71,17
155,71,45
159,71,30
161,71,58
163,71,77
164,71,86
166,71,18
170,71,53
171,71,8
172,71,13
174,71,79
175,71,11
178,71,68
179,71,6
182,71,23
183,71,25
184,71,36
185,71,84
186,71,31
189,71,84
191,71,42
193,71,59
195,71,29
1,72,91
3,72,80
6,72,79
12,72,91
17,72,24
18,72,80
19,72,11
24,72,15
25,72,38
26,72,15
30,72,37
31,72,24
33,72,36
34,72,7
38,72,39
42,72,28
43,72,90
45,72,30
51,72,82
52,72,11
53,72,78
54,72,87
56,72,97
64,72,39
69,72,96
70,72,85
72,72,93
78,72,42
79,72,93
84,72,18
86,72,10
87,72,84
94,72,73
96,72,18
100,72,19
102,72,41
109,72,42
112,72,93
113,72,40
114,72,98
116,72,22
120,72,36
123,72,54
124,72,49
128,72,29
134,72,34
135,72,42
136,72,63
137,72,55
138,72,33
140,72,95
144,72,54
145,72,94
148,72,47
152,72,43
159,72,26
161,72,50
162,72,7
165,72,13
170,72,13
171,72,46
172,72,35
175,72,78
177,72,64
182,72,19
184,72,74
186,72,94
190,72,36
193,72,42
194,72,96
197,72,61
198,72,52
5,73,10
8,73,84
11,73,97
12,73,80
14,73,41
17,73,28
19,73,80
22,73,64
25,73,51
33,73,38
34,73,17
35,73,84
37,73,46
38,73,12
40,73,53
41,73,85
44,73,21
47,73,10
48,73,17
56,73,28
61,73,1
63,73,36
64,73,54
68,73,52
70,73,3
71,73,72
74,73,31
77,73,73
78,73,96
79,73,26
80,73,6
83,73,38
85,73,25
86,73,83
87,73,1
88,73,42
91,73,95
98,73,95
105,73,30
106,73,73
108,73,20
111,73,55
113,73,33
114,73,87
119,73,25
121,73,20
123,73,43
124,73,36
127,73,36
131,73,71
134,73,29
140,73,29
141,73,30
145,73,11
147,73,95
149,73,15
151,73,81
153,73,86
154,73,65
156,73,77
160,73,53
163,73,13
164,73,13
165,73,4
166,73,94
167,73,24
169,73,68
171,73,1
176,73,69
180,73,4
181,73,1
182,73,28
183,73,16
191,73,43
195,73,42
196,73,47
197,73,8
0,74,31
3,74,20
7,74,80
12,74,18
14,74,43
17,74,47
18,74,18
19,74,22
20,74,93
21,74,2
24,74,44
26,74,1
27,74,85
33,74,28
38,74,13
41,74,91
42,74,97
43,74,59
45,74,77
46,74,61
49,74,12
50,74,2
52,74,81
57,74,44
58,74,67
63,74,49
66,74,56
70,74,89
74,74,58
75,74,54
77,74,90
79,74,98
80,74,31
84,74,54
92,74,53
93,74,10
95,74,14
100,74,29
104,74,3
105,74,45
106,74,60
107,74,22
109,74,59
110,74,24
114,74,86
118,74,73
119,74,95
122,74,41
124,74,91
135,74,17
136,74,46
137,74,78
139,74,19
142,74,42
143,74,27
148,74,20
152,74,9
157,74,69
159,74,4
162,74,99
163,74,35
168,74,79
172,74,26
175,74,98
177,74,20
179,74,68
182,74,98
186,74,68
187,74,80
188,74,95
190,74,20
192,74,92
195,74,28
196,74,8
199,74,90
1,75,11
5,75,3
7,75,52
11,75,95
12,75,4
14,75,87
17,75,70
19,75,57
23,75,68
24,75,30
25,75,19
29,75,5
30,75,87
31,75,41
34,75,56
37,75,9
38,75,21
42,75,83
44,75,14
45,75,79
48,75,26
49,75,64
50,75,48
51,75,27
55,75,67
56,75,49
58,75,57
63,75,68
65,75,56
67,75,91
68,75,60
69,75,71
70,75,88
77,75,15
80,75,96
83,75,13
87,75,12
88,75,73
89,75,7
93,75,33
94,75,62
95,75,97
98,75,55
99,75,70
104,75,82
107,75,89
111,75,69
112,75,90
120,75,26
130,75,18
132,75,64
133,75,62
142,75,44
143,75,22
144,75,33
146,75,27
152,75,35
153,75,81
159,75,58
161,75,7
165,75,42
167,75,34
168,75,6
169,75,93
172,75,64
176,75,50
178,75,62
180,75,57
184,75,25
186,75,88
187,75,50
190,75,42
193,75,79
194,75,96
197,75,78
199,75,8
0,76,95
1,76,96
2,76,43
3,76,79
6,76,81
7,76,42
8,76,66
11,76,25
12,76,86
14,76,54
15,76,40
17,76,42
18,76,6
21,76,86
25,76,55
29,76,94
32,76,1
33,76,57
34,76,30
38,76,90
41,76,2
51,76,9
52,76,16
56,76,17
57,76,58
65,76,2
66,76,74
67,76,93
70,76,58
76,76,2
78,76,88
80,76,23
81,76,89
85,76,68
87,76,10
89,76,30
90,76,81
91,76,66
92,76,84
94,76,98
95,76,67
102,76,24
104,76,72
107,76,45
109,76,70
112,76,55
113,76,42
114,76,7
115,76,29
117,76,26
118,76,92
123,76,62
126,76,46
127,76,18
129,76,89
131,76,15
133,76,94
136,76,29
137,76,7
139,76,82
144,76,25
145,76,66
147,76,86
148,76,7
150,76,69
151,76,58
153,76,56
156,76,43
157,76,69
163,76,8
165,76,88
166,76,60
169,76,8
170,76,26
172,76,76
174,76,95
177,76,76
179,76,48
182,76,5
183,76,51
186,76,75
187,76,16
188,76,58
190,76,8
191,76,27
192,76,38
197,76,96
198,76,46
199,76,82
0,77,52
1,77,89
4,77,78
6,77,87
13,77,56
16,77,42
18,77,20
22,77,72
24,77,42
25,77,61
27,77,24
28,77,71
29,77,42
30,77,77
34,77,97
38,77,5
39,77,19
40,77,94
41,77,50
45,77,68
48,77,19
49,77,81
50,77,64
52,77,80
53,77,92
54,77,26
57,77,80
61,77,51
62,77,79
65,77,87
66,77,62
69,77,96
71,77,78
75,77,16
76,77,12
78,77,8
79,77,8
80,77,62
85,77,81
86,77,94
88,77,40
89,77,22
90,77,21
92,77,80
99,77,81
100,77,97
102,77,22
103,77,26
105,77,66
106,77,86
118,77,1
119,77,73
121,77,12
122,77,25
123,77,96
125,77,59
126,77,94
127,77,22
129,77,11
130,77,91
131,77,48
132,77,82
133,77,66
135,77,48
136,77,41
137,77,46
141,77,90
144,77,65
145,77,6
146,77,60
147,77,45
148,77,13
149,77,26
151,77,37
152,77,20
154,77,5
155,77,12
158,77,4
161,77,52
162,77,30
163,77,1
168,77,57
170,77,93
172,77,95
173,77,24
175,77,31
176,77,22
177,77,1
178,77,79
181,77,51
184,77,81
185,77,34
186,77,99
188,77,51
192,77,87
193,77,7
195,77,5
196,77,53
197,77,22
198,77,47
199,77,56
0,78,20
1,78,25
2,78,1
5,78,80
8,78,82
9,78,22
10,78,29
11,78,60
17,78,52
20,78,20
21,78,12
24,78,33
25,78,99
29,78,49
32,78,54
35,78,75
37,78,84
39,78,38
41,78,95
46,78,59
48,78,49
49,78,37
53,78,69
54,78,74
55,78,18
56,78,55
57,78,50
58,78,70
62,78,84
63,78,85
64,78,81
65,78,37
66,78,88
67,78,35
69,78,26
70,78,9
71,78,39
73,78,33
77,78,46
79,78,84
83,78,71
84,78,67
87,78,98
93,78,57
96,78,15
103,78,85
105,78,17
107,78,86
109,78,18
111,78,47
112,78,79
113,78,16
115,78,2
118,78,10
119,78,54
120,78,80
125,78,34
129,78,39
130,78,51
131,78,29
132,78,33
133,78,4
137,78,65
140,78,67
142,78,73
149,78,94
150,78,67
152,78,96
158,78,7
160,78,14
162,78,71
164,78,63
165,78,48
166,78,96
167,78,80
168,78,90
169,78,3
170,78,89
171,78,75
173,78,39
175,78,94
177,78,98
178,78,96
179,78,95
183,78,6
184,78,79
185,78,25
187,78,76
188,78,82
190,78,74
191,78,24
192,78,86
193,78,24
196,78,44
0,79,41
1,79,55
4,79,43
7,79,27
8,79,51
12,79,50
13,79,11
21,79,46
23,79,58
25,79,53
26,79,61
27,79,1
29,79,45
30,79,77
31,79,77
34,79,43
35,79,79
36,79,17
38,79,98
40,79,30
44,79,80
45,79,56
58,79,77
59,79,83
65,79,34
66,79,1
75,79,86
76,79,85
79,79,34
81,79,68
84,79,23
93,79,76
94,79,29
97,79,50
99,79,42
101,79,34
102,79,16
103,79,92
105,79,3
110,79,19
111,79,78
114,79,56
115,79,84
118,79,4
122,79,51
125,79,64
126,79,60
127,79,44
134,79,1
140,79,73
141,79,66
143,79,59
145,79,94
149,79,67
150,79,23
151,79,25
153,79,31
154,79,77
156,79,52
157,79,93
158,79,57
161,79,76
162,79,67
164,79,44
165,79,67
169,79,65
172,79,5
174,79,45
175,79,80
176,79,19
177,79,27
178,79,10
180,79,38
182,79,15
183,79,5
185,79,6
186,79,1
191,79,11
192,79,74
193,79,81
195,79,52
199,79,8
0,80,3
1,80,44
4,80,36
5,80,72
6,80,71
7,80,31
11,80,62
13,80,48
17,80,24
18,80,23
19,80,50
20,80,10
24,80,28
30,80,51
32,80,58
35,80,25
38,80,33
39,80,49
40,80,34
41,80,14
42,80,17
43,80,83
46,80,33
51,80,41
52,80,6
54,80,82
56,80,96
61,80,90
62,80,38
64,80,34
72,80,19
73,80,61
74,80,45
75,80,23
76,80,75
82,80,10
83,80,9
86,80,85
87,80,93
89,80,96
90,80,38
91,80,83
99,80,17
102,80,44
103,80,85
104,80,56
106,80,89
108,80,64
109,80,57
116,80,84
120,80,77
122,80,49
127,80,92
136,80,71
137,80,84
138,80,73
140,80,84
141,80,37
142,80,78
144,80,80
146,80,85
148,80,15
149,80,51
154,80,14
157,80,11
159,80,52
162,80,79
164,80,39
166,80,8
168,80,87
174,80,99
175,80,56
176,80,26
178,80,19
180,80,7
182,80,46
183,80,40
184,80,17
186,80,58
188,80,12
195,80,21
196,80,22
199,80,16
1,81,81
6,81,13
13,81,99
15,81,15
16,81,33
19,81,27
20,81,76
21,81,72
26,81,48
29,81,9
30,81,28
31,81,38
32,81,68
33,81,54
35,81,64
38,81,15
42,81,97
43,81,28
44,81,10
48,81,44
51,81,24
53,81,60
55,81,9
57,81,3
58,81,35
61,81,72
65,81,89
67,81,71
68,81,95
69,81,52
71,81,39
78,81,86
82,81,21
85,81,96
88,81,30
90,81,43
91,81,80
95,81,22
98,81,36
101,81,8
105,81,70
106,81,93
111,81,19
112,81,85
114,81,33
115,81,99
121,81,5
127,81,87
130,81,51
131,81,55
135,81,55
143,81,94
144,81,30
145,81,29
146,81,30
149,81,28
150,81,36
152,81,65
156,81,5
159,81,29
160,81,59
165,81,75
166,81,41
168,81,52
169,81,42
173,81,55
181,81,8
182,81,71
184,81,27
185,81,18
186,81,64
190,81,92
192,81,26
193,81,61
194,81,99
198,81,65
2,82,22
4,82,2
5,82,93
6,82,3
8,82,80
10,82,93
11,82,55
18,82,93
19,82,69
25,82,7
33,82,81
35,82,11
37,82,92
40,82,7
41,82,19
43,82,62
44,82,67
46,82,9
47,82,60
49,82,62
52,82,87
57,82,78
58,82,2
59,82,66
60,82,21
61,82,18
62,82,62
65,82,60
66,82,29
73,82,26
74,82,67
75,82,91
77,82,85
81,82,17
85,82,63
86,82,56
88,82,85
93,82,2
96,82,77
100,82,12
101,82,9
105,82,47
109,82,12
112,82,33
115,82,62
119,82,18
122,82,65
123,82,99
125,82,54
126,82,81
127,82,73
129,82,43
130,82,20
132,82,81
134,82,65
136,82,83
139,82,14
141,82,18
143,82,15
144,82,89
149,82,98
150,82,82
152,82,48
154,82,4
156,82,4
159,82,24
160,82,15
161,82,86
162,82,96
166,82,20
167,82,47
169,82,10
174,82,77
178,82,74
180,82,20
181,82,36
184,82,13
185,82,78
187,82,25
190,82,35
192,82,47
195,82,73
196,82,30
197,82,93
199,82,14
0,83,46
3,83,47
5,83,55
10,83,35
11,83,96
16,83,23
18,83,94
21,83,54
23,83,39
27,83,51
28,83,80
29,83,29
31,83,20
32,83,74
33,83,20
34,83,71
35,83,81
37,83,89
38,83,31
40,83,58
41,83,82
42,83,9
49,83,23
50,83,69
53,83,32
55,83,42
57,83,2
58,83,56
61,83,38
66,83,58
70,83,84
71,83,79
72,83,34
73,83,23
77,83,53
80,83,31
81,83,40
82,83,57
86,83,88
88,83,3
92,83,77
94,83,25
96,83,43
100,83,51
101,83,27
102,83,26
104,83,72
111,83,44
112,83,12
115,83,54
125,83,62
129,83,63
131,83,14
136,83,92
137,83,83
138,83,8
140,83,17
141,83,19
142,83,4
143,83,29
146,83,49
147,83,70
151,83,22
154,83,54
155,83,55
157,83,29
158,83,19
168,83,67
172,83,73
174,83,22
176,83,76
177,83,5
182,83,79
183,83,13
184,83,59
188,83,30
192,83,31
193,83,99
195,83,87
198,83,61
1,84,40
3,84,14
7,84,70
8,84,16
9,84,77
10,84,77
17,84,4
21,84,7
24,84,94
32,84,51
36,84,49
37,84,39
45,84,67
47,84,99
48,84,59
53,84,36
54,84,96
57,84,64
59,84,50
61,84,75
62,84,78
68,84,89
70,84,50
71,84,14
72,84,38
74,84,44
75,84,56
76,84,83
78,84,33
80,84,85
84,84,83
91,84,40
93,84,9
95,84,24
96,84,35
101,84,25
102,84,28
103,84,27
109,84,40
111,84,8
122,84,1
128,84,81
129,84,35
131,84,55
136,84,54
140,84,16
141,84,20
142,84,21
143,84,22
148,84,98
150,84,84
152,84,65
153,84,59
159,84,58
160,84,92
163,84,72
165,84,12
166,84,37
172,84,52
174,84,89
175,84,44
178,84,72
180,84,4
182,84,16
189,84,16
193,84,29
197,84,22
198,84,11
199,84,37
1,85,59
4,85,2
5,85,57
7,85,51
8,85,97
9,85,32
10,85,90
12,85,42
13,85,54
17,85,93
18,85,6
19,85,23
21,85,71
23,85,4
26,85,11
28,85,51
31,85,96
34,85,66
36,85,29
38,85,25
39,85,44
43,85,81
45,85,99
46,85,2
48,85,80
50,85,90
52,85,41
53,85,8
55,85,90
56,85,57
57,85,13
61,85,43
62,85,13
63,85,51
66,85,54
72,85,48
80,85,64
84,85,84
85,85,14
90,85,8
96,85,59
98,85,95
99,85,12
109,85,50
110,85,52
113,85,83
123,85,4
126,85,94
128,85,1
130,85,5
131,85,3
132,85,7
133,85,4
134,85,1
136,85,11
137,85,12
138,85,13
139,85,15
141,85,24
142,85,23
146,85,6
147,85,13
149,85,19
150,85,86
152,85,42
156,85,87
159,85,92
161,85,57
163,85,95
169,85,35
171,85,67
176,85,11
177,85,67
178,85,9
179,85,94
180,85,34
181,85,12
183,85,91
185,85,34
186,85,47
188,85,91
3,86,96
4,86,12
6,86,91
8,86,45
11,86,76
12,86,8
13,86,12
15,86,97
16,86,65
18,86,64
22,86,30
27,86,30
30,86,4
31,86,94
33,86,55
36,86,73
39,86,2
43,86,21
44,86,40
45,86,59
47,86,41
49,86,5
50,86,62
51,86,40
52,86,53
54,86,85
55,86,38
61,86,14
63,86,41
64,86,21
67,86,66
69,86,95
72,86,68
76,86,97
77,86,28
79,86,97
80,86,76
86,86,99
87,86,77
88,86,98
97,86,73
99,86,50
103,86,48
111,86,74
113,86,91
114,86,5
122,86,21
123,86,4
125,86,62
126,86,77
128,86,4
129,86,87
130,86,1
131,86,7
132,86,2
133,86,4
135,86,9
136,86,10
138,86,14
139,86,32
140,86,25
141,86,27
145,86,81
147,86,28
150,86,72
154,86,4
155,86,98
156,86,71
158,86,74
161,86,24
162,86,99
163,86,94
164,86,9
165,86,58
166,86,21
167,86,68
168,86,8
174,86,67
180,86,52
181,86,1
182,86,87
183,86,90
188,86,24
191,86,20
194,86,33
196,86,92
199,86,22
1,87,33
3,87,4
5,87,4
6,87,52
7,87,31
9,87,74
10,87,78
11,87,99
12,87,19
13,87,70
14,87,29
18,87,38
23,87,24
27,87,99
28,87,17
29,87,40
33,87,37
37,87,51
38,87,81
39,87,87
40,87,9
48,87,23
49,87,77
52,87,62
56,87,3
65,87,81
69,87,16
70,87,77
71,87,38
75,87,27
78,87,14
82,87,10
86,87,57
87,87,82
89,87,70
100,87,51
101,87,24
104,87,52
106,87,73
107,87,1
110,87,39
115,87,4
119,87,89
120,87,14
123,87,23
124,87,66
126,87,55
127,87,68
128,87,8
129,87,3
130,87,6
132,87,6
133,87,3
134,87,9
135,87,8
136,87,7
137,87,5
140,87,26
141,87,28
142,87,29
143,87,88
144,87,1
145,87,66
148,87,24
150,87,48
153,87,88
158,87,69
159,87,83
167,87,24
170,87,84
173,87,63
175,87,84
179,87,16
180,87,4
181,87,24
185,87,60
186,87,3
187,87,53
188,87,15
190,87,65
193,87,13
194,87,30
197,87,12
198,87,35
199,87,88
1,88,83
3,88,96
5,88,89
7,88,73
8,88,60
10,88,24
11,88,85
13,88,18
14,88,32
15,88,15
17,88,66
26,88,54
31,88,43
32,88,91
34,88,68
36,88,3
38,88,55
40,88,94
43,88,54
45,88,32
51,88,5
55,88,60
60,88,30
61,88,22
62,88,19
66,88,2
69,88,58
70,88,43
72,88,24
74,88,8
75,88,6
77,88,88
83,88,68
84,88,56
87,88,40
88,88,35
89,88,38
90,88,5
91,88,93
92,88,25
94,88,64
96,88,51
99,88,19
103,88,88
104,88,96
105,88,56
106,88,7
109,88,54
112,88,39
114,88,38
115,88,46
117,88,99
118,88,41
122,88,48
125,88,55
128,88,5
130,88,9
131,88,3
132,88,2
133,88,5
134,88,5
135,88,6
136,88,5
137,88,7
138,88,15
141,88,30
142,88,16
143,88,57
145,88,1
146,88,21
148,88,30
150,88,1
151,88,65
154,88,46
157,88,68
158,88,16
163,88,16
167,88,62
168,88,59
173,88,18
174,88,91
176,88,29
177,88,57
179,88,98
180,88,34
182,88,39
183,88,24
185,88,10
191,88,32
196,88,61
197,88,2
1,89,19
3,89,39
5,89,41
6,89,79
12,89,42
14,89,96
16,89,2
17,89,62
20,89,45
22,89,98
24,89,10
27,89,25
31,89,82
32,89,37
33,89,68
34,89,33
36,89,1
37,89,79
38,89,4
40,89,94
41,89,99
42,89,41
46,89,98
47,89,86
48,89,21
50,89,53
52,89,20
54,89,52
56,89,79
58,89,63
62,89,23
64,89,57
68,89,4
69,89,57
70,89,93
72,89,67
74,89,79
84,89,57
85,89,81
87,89,14
88,89,63
89,89,56
90,89,44
91,89,64
92,89,75
94,89,88
96,89,98
101,89,70
102,89,67
103,89,68
104,89,16
105,89,9
108,89,32
109,89,34
110,89,41
111,89,9
112,89,16
113,89,43
118,89,50
122,89,19
126,89,5
128,89,8
129,89,4
130,89,7
131,89,2
132,89,1
133,89,5
134,89,8
135,89,4
138,89,35
139,89,32
140,89,31
143,89,34
144,89,59
145,89,40
146,89,20
147,89,64
148,89,56
150,89,28
151,89,49
152,89,18
153,89,15
157,89,74
158,89,14
159,89,5
161,89,15
168,89,62
174,89,56
177,89,55
179,89,6
181,89,6
184,89,46
185,89,88
186,89,31
189,89,40
191,89,97
193,89,35
194,89,50
196,89,10
197,89,28
198,89,24
199,89,91
1,90,7
2,90,96
3,90,44
4,90,19
6,90,4
8,90,77
9,90,36
11,90,67
12,90,96
13,90,77
14,90,2
16,90,44
17,90,84
25,90,35
28,90,55
30,90,75
32,90,64
33,90,98
34,90,70
36,90,51
42,90,39
44,90,41
47,90,28
49,90,28
51,90,17
52,90,94
54,90,36
64,90,13
67,90,50
68,90,92
69,90,86
71,90,73
79,90,47
80,90,45
81,90,88
82,90,67
84,90,9
87,90,62
88,90,64
91,90,14
93,90,44
98,90,99
101,90,90
102,90,16
103,90,35
104,90,46
108,90,12
111,90,42
112,90,14
113,90,6
115,90,7
116,90,33
121,90,73
123,90,54
125,90,46
126,90,27
127,90,22
128,90,4
129,90,9
130,90,4
131,90,32
132,90,1
133,90,0
134,90,2
135,90,3
136,90,7
137,90,36
138,90,34
139,90,33
144,90,49
145,90,83
146,90,80
147,90,49
149,90,70
152,90,13
153,90,52
155,90,24
157,90,64
159,90,2
161,90,22
162,90,33
165,90,65
170,90,63
171,90,54
173,90,99
178,90,61
180,90,27
181,90,19
182,90,48
183,90,69
184,90,33
194,90,97
195,90,94
198,90,35
199,90,23
6,91,39
7,91,22
11,91,11
12,91,16
14,91,1
15,91,48
17,91,84
18,91,45
19,91,80
20,91,12
24,91,53
27,91,4
32,91,94
36,91,54
37,91,66
39,91,95
40,91,7
44,91,25
45,91,44
48,91,56
51,91,94
54,91,38
55,91,3
56,91,31
60,91,3
61,91,5
62,91,73
65,91,66
66,91,29
67,91,75
72,91,40
77,91,82
79,91,99
82,91,69
88,91,50
91,91,6
93,91,16
94,91,96
95,91,13
100,91,62
103,91,18
105,91,5
106,91,79
109,91,20
111,91,55
116,91,68
119,91,39
120,91,9
125,91,24
126,91,9
128,91,1
129,91,1
130,91,43
131,91,54
132,91,51
133,91,1
134,91,54
135,91,45
136,91,2
137,91,37
138,91,4
141,91,81
149,91,66
150,91,16
154,91,16
156,91,52
157,91,53
163,91,59
165,91,37
166,91,77
167,91,12
168,91,32
169,91,77
172,91,6
173,91,36
174,91,54
176,91,69
180,91,99
188,91,49
191,91,76
198,91,13
0,92,49
3,92,9
6,92,33
7,92,1
8,92,93
9,92,77
11,92,15
14,92,45
15,92,80
16,92,72
17,92,17
19,92,17
20,92,21
22,92,70
23,92,95
26,92,20
30,92,56
31,92,72
33,92,40
35,92,83
36,92,5
40,92,81
42,92,58
43,92,48
45,92,81
47,92,37
51,92,11
54,92,29
55,92,1
59,92,33
63,92,78
65,92,20
66,92,11
68,92,11
69,92,62
70,92,8
71,92,19
73,92,59
78,92,53
80,92,49
81,92,82
85,92,16
86,92,90
87,92,18
88,92,4
91,92,53
93,92,50
95,92,2
99,92,93
102,92,53
108,92,87
113,92,18
115,92,75
117,92,20
118,92,65
120,92,45
122,92,78
123,92,89
124,92,17
126,92,24
128,92,4
129,92,9
131,92,50
132,92,52
133,92,53
134,92,46
135,92,44
136,92,38
137,92,39
138,92,8
140,92,90
143,92,41
144,92,13
147,92,77
152,92,38
153,92,12
155,92,66
156,92,41
159,92,14
162,92,23
164,92,88
167,92,5
170,92,48
171,92,15
172,92,86
173,92,50
174,92,1
176,92,37
181,92,42
182,92,43
183,92,53
185,92,64
188,92,18
192,92,88
194,92,13
196,92,52
198,92,86
0,93,30
2,93,4
5,93,55
7,93,22
10,93,79
11,93,42
13,93,9
15,93,9
16,93,98
17,93,62
18,93,43
19,93,68
23,93,44
25,93,67
26,93,28
35,93,47
36,93,63
39,93,73
41,93,86
42,93,16
44,93,14
46,93,21
52,93,72
54,93,48
56,93,50
58,93,94
59,93,57
64,93,62
69,93,99
70,93,27
72,93,27
75,93,6
79,93,42
81,93,42
82,93,38
85,93,41
86,93,37
87,93,96
89,93,16
91,93,3
92,93,53
93,93,7
94,93,50
97,93,32
98,93,74
99,93,65
106,93,53
108,93,53
109,93,68
111,93,79
113,93,72
121,93,50
122,93,35
127,93,15
128,93,2
130,93,7
131,93,49
132,93,48
133,93,47
134,93,43
135,93,41
136,93,40
138,93,72
148,93,52
152,93,94
155,93,30
159,93,51
160,93,56
167,93,47
168,93,17
169,93,44
170,93,74
171,93,67
172,93,73
173,93,15
175,93,52
176,93,27
178,93,76
179,93,28
181,93,2
184,93,59
186,93,91
187,93,71
189,93,92
192,93,12
193,93,16
194,93,25
195,93,40
196,93,7
199,93,31
4,94,94
10,94,61
12,94,52
16,94,30
17,94,61
19,94,88
26,94,37
27,94,7
28,94,69
35,94,52
36,94,51
37,94,93
40,94,8
45,94,8
46,94,30
49,94,46
50,94,69
51,94,59
55,94,96
59,94,50
60,94,1
63,94,9
67,94,73
70,94,67
73,94,55
79,94,62
82,94,76
83,94,83
87,94,74
88,94,90
90,94,34
92,94,31
94,94,49
96,94,42
99,94,81
100,94,41
101,94,38
105,94,54
107,94,82
108,94,7
109,94,71
111,94,15
113,94,71
115,94,57
117,94,73
120,94,48
121,94,87
122,94,5
127,94,96
128,94,1
129,94,5
130,94,2
131,94,3
132,94,1
133,94,3
134,94,42
135,94,4
136,94,5
137,94,3
138,94,7
139,94,98
142,94,2
143,94,43
144,94,78
145,94,62
148,94,63
151,94,57
156,94,59
158,94,6
160,94,95
162,94,27
166,94,25
168,94,5
170,94,23
176,94,64
177,94,10
179,94,51
180,94,9
182,94,75
183,94,77
186,94,49
187,94,83
189,94,32
191,94,20
194,94,52
195,94,13
196,94,59
0,95,38
2,95,72
7,95,88
13,95,90
14,95,26
15,95,91
18,95,81
19,95,56
20,95,12
21,95,12
24,95,89
26,95,43
28,95,18
32,95,86
35,95,4
36,95,66
37,95,96
39,95,80
41,95,32
43,95,97
45,95,25
49,95,53
52,95,27
54,95,54
55,95,36
56,95,10
59,95,44
62,95,31
63,95,14
64,95,72
65,95,94
68,95,36
71,95,86
74,95,1
75,95,26
76,95,12
77,95,59
80,95,94
82,95,98
83,95,82
84,95,34
85,95,13
87,95,45
92,95,7
95,95,12
98,95,10
99,95,57
101,95,28
102,95,85
103,95,77
105,95,74
113,95,10
119,95,78
121,95,66
125,95,55
127,95,92
128,95,81
130,95,4
131,95,7
132,95,2
133,95,21
134,95,9
135,95,6
136,95,8
137,95,1
138,95,6
141,95,85
145,95,13
147,95,10
148,95,64
151,95,39
154,95,63
155,95,15
156,95,44
158,95,99
159,95,66
160,95,61
163,95,52
165,95,40
167,95,14
168,95,93
169,95,53
170,95,17
173,95,22
174,95,26
176,95,71
177,95,64
178,95,80
189,95,87
190,95,68
191,95,29
199,95,31
0,96,63
1,96,89
4,96,22
6,96,78
8,96,31
9,96,56
10,96,88
13,96,32
14,96,47
15,96,28
22,96,9
24,96,87
25,96,12
26,96,61
27,96,88
29,96,46
30,96,59
31,96,55
32,96,1
33,96,33
40,96,65
41,96,12
42,96,84
48,96,53
50,96,9
51,96,78
55,96,32
56,96,67
57,96,86
63,96,11
67,96,30
72,96,13
76,96,5
79,96,56
81,96,5
82,96,15
86,96,80
88,96,37
92,96,86
94,96,74
102,96,20
104,96,84
110,96,86
112,96,92
113,96,45
114,96,69
115,96,80
120,96,45
122,96,34
123,96,34
126,96,74
127,96,14
128,96,68
132,96,37
136,96,9
137,96,50
139,96,13
141,96,42
142,96,46
149,96,98
150,96,8
151,96,76
152,96,24
157,96,48
161,96,58
163,96,96
165,96,36
166,96,64
172,96,46
173,96,95
174,96,21
175,96,54
177,96,77
179,96,54
180,96,70
187,96,8
189,96,90
191,96,70
192,96,1
193,96,79
195,96,19
197,96,87
1,97,65
4,97,36
5,97,75
7,97,94
13,97,99
14,97,38
16,97,40
17,97,94
19,97,83
23,97,73
25,97,57
30,97,53
32,97,31
34,97,42
37,97,14
43,97,7
44,97,82
45,97,40
46,97,82
48,97,2
52,97,64
53,97,32
55,97,94
60,97,1
61,97,73
62,97,40
63,97,33
69,97,70
70,97,93
73,97,87
79,97,78
87,97,87
88,97,37
89,97,54
90,97,12
91,97,54
92,97,13
95,97,64
98,97,39
102,97,92
103,97,75
104,97,1
106,97,57
107,97,48
110,97,95
111,97,8
116,97,94
118,97,40
122,97,34
127,97,24
129,97,63
132,97,59
134,97,75
142,97,37
144,97,63
146,97,72
150,97,87
153,97,23
154,97,45
157,97,60
158,97,72
160,97,91
161,97,86
162,97,12
163,97,40
165,97,79
167,97,33
172,97,25
173,97,36
175,97,67
176,97,47
177,97,65
180,97,81
181,97,90
182,97,6
183,97,53
184,97,14
185,97,97
186,97,68
187,97,99
189,97,23
194,97,26
198,97,94
0,98,5
1,98,16
5,98,1
13,98,34
16,98,25
17,98,94
22,98,90
30,98,11
33,98,59
39,98,43
43,98,24
44,98,25
45,98,26
50,98,40
51,98,92
55,98,16
57,98,59
60,98,93
70,98,29
71,98,41
72,98,9
74,98,93
75,98,5
76,98,84
78,98,73
79,98,84
81,98,62
83,98,41
85,98,44
86,98,33
89,98,82
90,98,29
91,98,40
93,98,33
100,98,71
103,98,69
104,98,64
110,98,76
111,98,97
114,98,52
120,98,32
129,98,45
132,98,38
133,98,33
134,98,12
136,98,60
137,98,51
139,98,60
142,98,69
143,98,92
145,98,48
147,98,86
155,98,5
156,98,54
158,98,78
160,98,61
162,98,9
164,98,1
166,98,69
172,98,23
173,98,1
174,98,18
175,98,48
176,98,44
179,98,69
183,98,76
185,98,34
186,98,54
189,98,21
195,98,51
199,98,65
0,99,69
1,99,69
6,99,21
7,99,81
9,99,34
12,99,93
13,99,42
17,99,44
18,99,26
23,99,71
27,99,3
29,99,68
31,99,42
32,99,31
34,99,22
36,99,63
39,99,5
44,99,18
45,99,11
49,99,62
50,99,12
52,99,92
55,99,73
56,99,35
57,99,86
59,99,78
65,99,12
67,99,27
70,99,24
81,99,35
84,99,90
85,99,33
86,99,97
87,99,40
93,99,61
96,99,36
100,99,80
103,99,39
110,99,3
113,99,92
114,99,51
119,99,73
120,99,27
122,99,86
123,99,90
124,99,38
129,99,83
131,99,6
140,99,60
141,99,99
142,99,5
144,99,13
148,99,11
150,99,14
151,99,56
157,99,74
158,99,55
166,99,16
173,99,44
175,99,64
181,99,92
182,99,73
186,99,60
187,99,65
188,99,84
190,99,70
195,99,22
197,99,38