2,0,8
3,0,21
10,0,68
11,0,3
15,0,47
17,0,94
24,0,45
25,0,67
26,0,32
29,0,23
31,0,44
33,0,6
34,0,71
35,0,43
47,0,36
49,0,61
52,0,96
56,0,78
58,0,47
64,0,33
70,0,53
72,0,77
74,0,2
76,0,71
77,0,42
78,0,30
80,0,90
82,0,17
83,0,84
88,0,74
89,0,34
90,0,62
93,0,3
94,0,97
95,0,81
101,0,45
103,0,23
106,0,4
112,0,67
116,0,98
121,0,9
127,0,23
128,0,43
130,0,46
132,0,2
137,0,52
138,0,48
139,0,76
140,0,8
144,0,16
148,0,96
149,0,21
152,0,24
154,0,45
155,0,31
157,0,60
162,0,10
165,0,85
166,0,70
175,0,61
176,0,31
177,0,74
178,0,32
179,0,69
181,0,29
185,0,85
186,0,77
188,0,52
189,0,9
195,0,4
5,1,42
6,1,95
7,1,28
12,1,55
14,1,82
17,1,68
19,1,43
21,1,12
22,1,6
24,1,29
26,1,1
29,1,6
31,1,77
32,1,22
33,1,81
34,1,67
41,1,43
43,1,40
44,1,94
45,1,2
49,1,80
51,1,7
52,1,94
53,1,72
58,1,81
59,1,56
60,1,42
62,1,41
67,1,2
68,1,80
69,1,19
70,1,28
72,1,24
75,1,87
76,1,79
81,1,47
82,1,30
89,1,5
90,1,56
92,1,60
97,1,71
98,1,71
100,1,6
102,1,14
103,1,8
104,1,94
105,1,6
107,1,9
108,1,38
109,1,80
110,1,85
113,1,93
115,1,78
116,1,51
117,1,64
121,1,44
122,1,52
124,1,64
127,1,61
130,1,51
132,1,22
133,1,75
136,1,57
138,1,78
145,1,44
146,1,97
150,1,14
154,1,94
155,1,62
158,1,98
159,1,3
162,1,84
163,1,29
169,1,61
170,1,3
171,1,77
178,1,14
180,1,22
181,1,87
182,1,98
183,1,48
185,1,28
191,1,61
195,1,92
196,1,28
199,1,82
1,2,23
2,2,10
6,2,66
7,2,16
8,2,60
13,2,10
14,2,24
18,2,15
24,2,64
26,2,4
27,2,73
29,2,60
31,2,68
33,2,33
39,2,42
40,2,80
47,2,81
51,2,28
53,2,46
54,2,75
57,2,43
58,2,97
59,2,98
60,2,28
66,2,15
70,2,98
71,2,71
73,2,5
75,2,93
76,2,3
78,2,25
82,2,8
83,2,30
84,2,69
86,2,75
87,2,81
90,2,90
91,2,45
95,2,65
96,2,48
101,2,99
108,2,23
112,2,24
115,2,68
116,2,51
119,2,85
124,2,25
128,2,53
130,2,55
131,2,71
132,2,67
133,2,83
134,2,91
138,2,50
140,2,26
141,2,57
143,2,34
147,2,66
151,2,51
152,2,6
154,2,82
155,2,87
157,2,92
158,2,38
162,2,75
163,2,8
165,2,29
170,2,99
174,2,34
175,2,1
178,2,45
180,2,57
183,2,5
190,2,99
196,2,25
2,3,37
3,3,27
4,3,94
6,3,9
7,3,6
8,3,72
11,3,31
14,3,63
15,3,41
21,3,43
25,3,78
31,3,63
35,3,25
37,3,40
42,3,8
44,3,22
45,3,45
46,3,92
53,3,79
54,3,38
56,3,74
57,3,85
59,3,73
67,3,63
68,3,70
71,3,95
72,3,70
76,3,81
78,3,46
82,3,65
85,3,20
86,3,29
88,3,51
89,3,74
91,3,6
92,3,8
93,3,35
100,3,62
103,3,96
105,3,42
106,3,51
108,3,61
111,3,75
113,3,96
115,3,26
116,3,80
117,3,18
119,3,58
120,3,49
122,3,41
125,3,46
130,3,56
131,3,57
132,3,93
134,3,2
135,3,40
139,3,52
141,3,53
143,3,6
146,3,36
149,3,36
150,3,93
152,3,56
154,3,62
157,3,49
158,3,89
159,3,91
165,3,6
166,3,51
168,3,34
169,3,29
171,3,12
173,3,48
174,3,33
176,3,83
179,3,1
180,3,18
182,3,16
187,3,29
188,3,54
195,3,53
197,3,49
0,4,88
2,4,4
4,4,72
6,4,45
13,4,52
14,4,31
15,4,50
16,4,46
20,4,34
22,4,94
23,4,31
25,4,15
27,4,55
33,4,70
34,4,79
36,4,32
41,4,74
42,4,9
45,4,95
47,4,61
49,4,22
50,4,47
59,4,75
64,4,72
67,4,95
68,4,8
69,4,1
70,4,22
72,4,92
77,4,38
82,4,67
84,4,74
86,4,18
92,4,13
93,4,93
94,4,6
99,4,87
101,4,95
102,4,74
108,4,4
109,4,80
111,4,44
114,4,88
119,4,82
120,4,87
132,4,9
134,4,26
138,4,88
139,4,54
140,4,8
141,4,14
142,4,7
150,4,70
153,4,45
154,4,28
158,4,42
160,4,59
171,4,48
172,4,66
178,4,46
179,4,28
180,4,16
181,4,37
182,4,43
184,4,93
185,4,97
187,4,92
189,4,50
194,4,14
196,4,20
197,4,59
8,5,72
10,5,92
11,5,68
12,5,97
13,5,23
14,5,28
20,5,13
21,5,29
25,5,31
27,5,5
28,5,87
29,5,59
30,5,70
34,5,41
35,5,4
37,5,53
41,5,83
43,5,58
44,5,69
45,5,71
46,5,41
47,5,53
48,5,92
51,5,22
52,5,72
53,5,3
54,5,81
55,5,71
56,5,80
59,5,79
60,5,21
61,5,62
64,5,79
66,5,41
67,5,35
68,5,76
76,5,21
84,5,66
85,5,99
86,5,68
89,5,94
90,5,2
91,5,41
95,5,47
96,5,98
97,5,31
100,5,22
104,5,82
106,5,44
107,5,88
116,5,21
117,5,40
118,5,66
119,5,62
123,5,16
124,5,89
136,5,55
139,5,79
140,5,62
142,5,65
143,5,2
144,5,6
145,5,10
146,5,51
148,5,61
149,5,52
150,5,3
151,5,47
153,5,52
156,5,74
157,5,31
162,5,69
163,5,95
164,5,59
168,5,54
171,5,21
172,5,2
173,5,60
174,5,52
176,5,9
181,5,59
186,5,3
190,5,55
191,5,53
193,5,35
0,6,62
1,6,24
2,6,91
3,6,96
4,6,63
5,6,19
6,6,89
7,6,19
8,6,15
9,6,3
14,6,37
17,6,53
18,6,50
19,6,73
20,6,84
21,6,37
22,6,8
23,6,96
25,6,47
27,6,89
28,6,43
29,6,20
30,6,76
31,6,30
33,6,69
38,6,34
41,6,82
44,6,62
46,6,62
47,6,43
50,6,47
52,6,19
53,6,59
58,6,77
59,6,51
61,6,8
62,6,30
63,6,58
65,6,20
67,6,98
68,6,16
69,6,98
70,6,35
74,6,66
75,6,80
79,6,55
84,6,36
85,6,88
90,6,93
96,6,29
99,6,5
100,6,81
101,6,58
102,6,89
103,6,47
105,6,90
106,6,13
107,6,23
108,6,48
109,6,16
114,6,40
116,6,22
117,6,63
121,6,61
123,6,85
128,6,57
129,6,40
131,6,51
133,6,76
134,6,74
135,6,14
142,6,59
146,6,54
148,6,88
150,6,92
154,6,31
155,6,16
156,6,12
157,6,52
160,6,29
161,6,31
163,6,28
165,6,15
166,6,98
167,6,57
168,6,39
169,6,82
174,6,31
178,6,39
186,6,83
189,6,97
191,6,57
193,6,14
195,6,17
196,6,46
197,6,12
2,7,26
4,7,61
11,7,17
16,7,85
18,7,1
19,7,44
23,7,18
25,7,13
26,7,4
27,7,42
28,7,81
33,7,30
35,7,81
36,7,17
39,7,20
46,7,69
47,7,34
48,7,82
50,7,12
53,7,66
58,7,14
59,7,29
60,7,73
62,7,56
63,7,51
65,7,50
66,7,28
67,7,41
70,7,20
72,7,58
74,7,10
76,7,41
79,7,70
82,7,40
83,7,95
85,7,39
94,7,87
96,7,42
101,7,40
102,7,24
103,7,8
104,7,36
105,7,41
110,7,12
112,7,81
117,7,38
118,7,42
120,7,78
125,7,69
126,7,31
128,7,48
129,7,10
130,7,50
132,7,11
136,7,42
142,7,86
143,7,62
144,7,33
146,7,48
148,7,18
152,7,19
154,7,34
155,7,11
161,7,98
163,7,28
164,7,68
168,7,1
169,7,2
170,7,31
171,7,13
173,7,75
176,7,18
179,7,87
185,7,31
190,7,64
191,7,28
194,7,91
4,8,95
6,8,64
8,8,64
11,8,62
18,8,40
24,8,97
27,8,10
34,8,17
36,8,56
37,8,99
39,8,25
41,8,99
43,8,18
45,8,93
47,8,37
50,8,16
52,8,4
53,8,41
57,8,1
59,8,53
63,8,41
64,8,48
66,8,76
68,8,85
71,8,25
72,8,32
73,8,40
76,8,57
79,8,67
82,8,38
84,8,49
86,8,81
88,8,98
90,8,78
91,8,12
93,8,53
94,8,48
95,8,39
96,8,38
105,8,2
106,8,1
108,8,37
111,8,77
112,8,29
113,8,76
115,8,45
119,8,76
120,8,12
121,8,69
122,8,35
125,8,41
126,8,79
127,8,86
133,8,42
135,8,85
136,8,17
139,8,44
143,8,70
145,8,1
146,8,21
150,8,76
152,8,60
153,8,35
155,8,80
159,8,32
161,8,47
162,8,90
163,8,33
168,8,67
171,8,84
172,8,79
174,8,74
180,8,80
185,8,34
193,8,70
197,8,66
198,8,74
1,9,65
7,9,16
9,9,53
14,9,19
17,9,61
18,9,89
19,9,74
20,9,31
22,9,67
26,9,92
28,9,42
33,9,39
34,9,45
35,9,34
36,9,52
37,9,61
39,9,4
40,9,78
41,9,65
43,9,64
48,9,71
49,9,47
50,9,16
53,9,64
55,9,53
56,9,14
57,9,40
62,9,19
65,9,24
67,9,69
69,9,84
71,9,28
75,9,63
78,9,81
80,9,12
81,9,13
82,9,60
84,9,29
85,9,63
92,9,81
95,9,71
98,9,66
99,9,30
101,9,40
103,9,18
105,9,69
106,9,40
108,9,26
113,9,83
114,9,48
115,9,72
118,9,87
121,9,49
123,9,2
125,9,11
127,9,87
129,9,27
133,9,8
142,9,78
146,9,85
148,9,31
150,9,85
154,9,61
158,9,40
159,9,41
160,9,23
162,9,45
168,9,92
169,9,2
174,9,21
175,9,50
176,9,92
178,9,13
180,9,98
183,9,77
185,9,77
186,9,98
188,9,24
191,9,17
192,9,37
195,9,56
197,9,45
198,9,28
2,10,59
5,10,54
6,10,56
8,10,12
12,10,74
13,10,48
17,10,42
21,10,23
22,10,16
25,10,85
26,10,98
30,10,24
32,10,76
33,10,89
35,10,94
36,10,43
38,10,9
39,10,50
41,10,66
42,10,30
45,10,91
46,10,22
47,10,71
55,10,32
62,10,57
63,10,37
66,10,97
69,10,99
76,10,56
77,10,73
79,10,16
81,10,25
83,10,21
86,10,14
89,10,39
90,10,84
92,10,85
93,10,24
94,10,50
98,10,25
100,10,5
101,10,70
103,10,87
105,10,77
110,10,74
116,10,25
117,10,80
118,10,74
119,10,55
120,10,30
122,10,58
124,10,53
125,10,16
130,10,83
131,10,28
132,10,74
133,10,24
134,10,94
136,10,96
141,10,99
142,10,27
144,10,74
148,10,71
150,10,93
152,10,87
155,10,23
156,10,49
159,10,49
161,10,26
162,10,93
165,10,97
167,10,92
175,10,7
177,10,87
178,10,55
179,10,63
180,10,45
182,10,23
183,10,2
184,10,45
185,10,76
186,10,88
193,10,27
195,10,22
198,10,1
199,10,61
4,11,65
9,11,46
12,11,25
14,11,93
15,11,55
19,11,9
21,11,31
22,11,78
25,11,70
26,11,74
27,11,3
29,11,61
33,11,41
35,11,47
37,11,12
38,11,1
39,11,59
40,11,76
41,11,90
42,11,6
48,11,38
54,11,81
55,11,78
56,11,23
60,11,58
61,11,47
62,11,32
64,11,3
67,11,40
68,11,70
69,11,67
70,11,34
71,11,3
72,11,74
75,11,44
76,11,79
78,11,53
81,11,16
82,11,79
86,11,76
90,11,9
92,11,48
94,11,19
96,11,58
98,11,75
99,11,29
100,11,48
101,11,50
105,11,34
106,11,30
110,11,48
116,11,23
119,11,19
120,11,99
121,11,90
123,11,83
129,11,5
131,11,39
132,11,10
133,11,86
135,11,74
136,11,17
138,11,46
141,11,17
142,11,54
144,11,31
146,11,97
149,11,76
150,11,40
152,11,67
153,11,9
158,11,62
159,11,76
160,11,96
169,11,94
178,11,60
183,11,23
187,11,74
189,11,76
191,11,43
192,11,41
0,12,13
3,12,26
7,12,1
11,12,13
12,12,93
13,12,70
16,12,16
17,12,65
19,12,78
21,12,95
27,12,47
28,12,65
34,12,79
36,12,13
37,12,82
41,12,43
44,12,25
49,12,72
52,12,26
55,12,50
59,12,93
62,12,49
65,12,57
67,12,1
68,12,14
72,12,15
75,12,37
81,12,86
84,12,66
85,12,20
95,12,39
102,12,63
106,12,5
107,12,93
112,12,25
115,12,39
116,12,28
117,12,66
118,12,87
121,12,60
128,12,57
129,12,81
130,12,1
131,12,95
132,12,19
133,12,2
135,12,93
137,12,72
140,12,16
142,12,94
144,12,7
145,12,35
148,12,37
149,12,35
150,12,3
151,12,43
152,12,70
156,12,32
158,12,71
163,12,64
164,12,73
168,12,77
169,12,50
171,12,19
172,12,61
173,12,71
176,12,20
177,12,20
179,12,9
180,12,18
181,12,52
185,12,47
188,12,94
193,12,83
195,12,48
197,12,67
199,12,58
0,13,15
2,13,96
6,13,34
10,13,85
13,13,42
15,13,70
18,13,68
20,13,34
26,13,12
27,13,72
30,13,61
31,13,11
32,13,53
33,13,59
35,13,30
36,13,23
38,13,39
40,13,41
43,13,88
46,13,31
47,13,48
48,13,86
49,13,88
50,13,57
52,13,78
57,13,63
58,13,19
59,13,61
60,13,43
66,13,54
68,13,90
69,13,49
70,13,68
71,13,47
74,13,81
75,13,56
77,13,39
78,13,17
81,13,28
83,13,61
85,13,82
89,13,20
92,13,85
94,13,13
95,13,85
96,13,29
103,13,45
105,13,83
107,13,77
109,13,97
112,13,94
117,13,46
118,13,29
121,13,22
123,13,34
125,13,20
126,13,15
127,13,55
128,13,18
131,13,80
132,13,21
133,13,9
136,13,33
138,13,33
146,13,95
147,13,1
149,13,14
152,13,54
154,13,57
156,13,2
157,13,50
161,13,96
163,13,88
164,13,5
167,13,58
169,13,59
170,13,77
176,13,31
178,13,84
185,13,66
186,13,11
192,13,97
193,13,23
194,13,80
196,13,92
8,14,51
9,14,16
10,14,58
11,14,68
12,14,82
20,14,54
21,14,85
26,14,95
35,14,57
37,14,92
38,14,96
39,14,60
40,14,32
41,14,67
44,14,93
46,14,68
47,14,53
48,14,75
51,14,14
55,14,22
57,14,20
58,14,61
59,14,73
61,14,36
62,14,62
64,14,9
65,14,6
67,14,10
68,14,78
69,14,31
71,14,5
74,14,11
75,14,73
78,14,12
79,14,16
82,14,77
85,14,58
86,14,42
87,14,18
89,14,4
92,14,36
101,14,80
105,14,11
110,14,8
111,14,61
112,14,55
116,14,18
118,14,31
121,14,47
125,14,62
127,14,93
128,14,17
131,14,69
132,14,19
134,14,17
135,14,7
137,14,90
142,14,81
144,14,32
145,14,9
151,14,55
155,14,76
162,14,3
163,14,79
164,14,28
169,14,17
172,14,15
178,14,17
179,14,18
180,14,55
182,14,27
184,14,21
185,14,80
186,14,76
187,14,9
189,14,8
190,14,24
199,14,94
2,15,21
7,15,71
10,15,29
16,15,79
17,15,75
18,15,16
22,15,2
26,15,8
27,15,2
29,15,94
30,15,87
31,15,57
36,15,72
38,15,35
40,15,33
42,15,25
44,15,13
45,15,38
48,15,70
49,15,67
57,15,16
61,15,82
67,15,18
71,15,37
74,15,31
76,15,80
77,15,94
80,15,18
81,15,80
82,15,19
84,15,61
85,15,92
91,15,16
93,15,38
94,15,97
96,15,91
100,15,73
101,15,28
102,15,46
103,15,24
104,15,41
111,15,86
112,15,50
116,15,44
118,15,72
121,15,94
123,15,70
124,15,18
125,15,87
129,15,74
131,15,47
132,15,15
136,15,23
140,15,16
145,15,69
150,15,25
152,15,62
154,15,11
155,15,46
164,15,59
165,15,52
166,15,91
171,15,88
173,15,35
175,15,97
178,15,55
179,15,19
180,15,73
187,15,91
188,15,92
191,15,11
193,15,59
196,15,25
197,15,42
199,15,99
0,16,94
2,16,76
3,16,8
4,16,31
12,16,94
13,16,36
14,16,89
19,16,93
21,16,19
22,16,84
26,16,96
31,16,56
32,16,4
33,16,6
34,16,93
36,16,53
40,16,54
41,16,42
42,16,5
44,16,94
45,16,38
48,16,40
51,16,76
53,16,78
54,16,50
55,16,49
56,16,35
57,16,76
60,16,82
65,16,99
69,16,99
70,16,74
71,16,19
75,16,89
78,16,43
85,16,84
88,16,15
89,16,70
93,16,24
96,16,9
97,16,97
99,16,85
104,16,71
105,16,37
114,16,85
115,16,89
116,16,36
117,16,60
120,16,9
122,16,28
123,16,43
127,16,76
140,16,22
143,16,2
148,16,61
150,16,24
151,16,91
152,16,41
154,16,87
158,16,89
161,16,8
163,16,48
164,16,72
166,16,57
168,16,93
170,16,39
173,16,93
174,16,93
175,16,67
180,16,21
182,16,90
183,16,42
185,16,97
186,16,10
189,16,19
192,16,31
1,17,74
3,17,29
5,17,76
6,17,65
12,17,42
13,17,3
15,17,7
16,17,1
17,17,93
18,17,49
20,17,41
23,17,85
25,17,71
27,17,11
28,17,31
29,17,59
30,17,39
32,17,68
33,17,19
35,17,23
37,17,86
38,17,18
40,17,28
44,17,97
47,17,81
52,17,38
53,17,20
55,17,9
56,17,16
58,17,59
60,17,4
61,17,74
67,17,65
68,17,41
73,17,6
75,17,37
76,17,20
77,17,15
79,17,75
81,17,45
83,17,6
91,17,53
93,17,65
107,17,22
109,17,15
111,17,15
116,17,56
118,17,95
120,17,61
124,17,68
125,17,55
126,17,50
127,17,79
128,17,83
129,17,96
132,17,15
135,17,11
136,17,24
138,17,63
139,17,87
140,17,70
146,17,49
147,17,16
148,17,27
150,17,32
151,17,89
152,17,18
153,17,56
156,17,7
160,17,13
161,17,54
162,17,96
163,17,33
164,17,57
166,17,5
168,17,33
169,17,56
172,17,20
174,17,27
176,17,96
179,17,82
182,17,4
183,17,36
185,17,6
188,17,26
190,17,3
191,17,34
193,17,8
194,17,3
195,17,90
5,18,91
9,18,5
10,18,94
15,18,36
19,18,23
20,18,22
22,18,87
23,18,30
24,18,97
27,18,93
30,18,7
32,18,91
47,18,30
49,18,36
50,18,97
53,18,76
55,18,32
59,18,4
60,18,33
65,18,39
67,18,86
68,18,54
74,18,69
75,18,2
78,18,20
79,18,97
80,18,93
81,18,47
83,18,72
85,18,85
86,18,94
87,18,98
88,18,41
90,18,20
92,18,94
93,18,97
97,18,77
103,18,81
104,18,52
105,18,26
106,18,34
108,18,78
114,18,55
116,18,2
117,18,45
118,18,50
121,18,18
122,18,51
126,18,6
129,18,63
131,18,53
135,18,75
136,18,80
137,18,19
138,18,11
140,18,8
141,18,42
150,18,90
153,18,46
157,18,88
158,18,67
161,18,22
162,18,75
163,18,13
164,18,68
165,18,91
166,18,68
170,18,24
171,18,1
172,18,56
173,18,42
174,18,60
177,18,92
181,18,17
185,18,42
186,18,58
187,18,82
188,18,64
189,18,19
190,18,17
191,18,85
192,18,26
193,18,78
194,18,78
198,18,41
199,18,14
0,19,96
3,19,66
4,19,49
6,19,77
7,19,15
11,19,27
16,19,79
19,19,19
31,19,34
33,19,58
36,19,50
38,19,81
39,19,14
42,19,17
43,19,68
47,19,53
49,19,59
52,19,78
53,19,85
54,19,50
59,19,46
61,19,99
64,19,79
67,19,65
72,19,80
76,19,82
79,19,43
81,19,7
82,19,27
83,19,92
87,19,30
89,19,16
95,19,95
96,19,41
97,19,35
99,19,39
101,19,88
103,19,9
105,19,46
108,19,72
109,19,7
110,19,49
111,19,73
112,19,88
113,19,54
114,19,49
118,19,25
119,19,9
121,19,88
123,19,11
125,19,39
126,19,96
127,19,67
130,19,19
131,19,56
133,19,61
138,19,70
139,19,18
146,19,83
148,19,32
149,19,81
150,19,91
156,19,19
157,19,39
158,19,76
161,19,57
164,19,1
165,19,11
166,19,48
168,19,85
170,19,32
172,19,54
173,19,89
174,19,40
175,19,56
180,19,81
181,19,91
182,19,9
188,19,8
189,19,60
190,19,40
191,19,22
192,19,3
196,19,88
198,19,40
199,19,98
1,20,75
3,20,27
4,20,97
9,20,35
12,20,37
15,20,28
20,20,36
24,20,31
26,20,2
27,20,23
29,20,41
30,20,71
31,20,13
32,20,97
35,20,20
36,20,40
37,20,3
41,20,26
46,20,3
53,20,63
55,20,90
60,20,95
63,20,12
64,20,82
66,20,2
67,20,37
68,20,10
69,20,47
73,20,41
75,20,18
76,20,71
77,20,7
80,20,11
81,20,21
82,20,36
84,20,6
88,20,51
90,20,38
91,20,53
92,20,53
94,20,52
96,20,37
97,20,47
99,20,35
101,20,32
106,20,48
108,20,48
111,20,86
113,20,53
117,20,58
118,20,45
121,20,32
126,20,60
127,20,86
128,20,15
131,20,22
132,20,71
134,20,29
135,20,95
137,20,43
139,20,25
141,20,66
142,20,79
144,20,27
146,20,10
149,20,88
150,20,66
153,20,86
155,20,67
158,20,68
160,20,2
168,20,76
173,20,21
174,20,31
175,20,81
177,20,43
181,20,79
186,20,77
187,20,46
191,20,21
192,20,75
193,20,24
194,20,57
195,20,46
196,20,51
197,20,26
0,21,34
1,21,79
3,21,23
5,21,6
6,21,32
12,21,78
15,21,86
19,21,46
21,21,98
22,21,52
25,21,30
29,21,51
31,21,59
33,21,44
35,21,29
42,21,92
43,21,2
48,21,40
54,21,84
55,21,53
56,21,46
59,21,69
60,21,30
63,21,41
64,21,31
65,21,92
67,21,90
68,21,51
69,21,34
72,21,89
74,21,32
77,21,61
79,21,97
80,21,89
83,21,72
84,21,65
85,21,75
86,21,59
88,21,60
91,21,75
93,21,13
95,21,1
101,21,69
108,21,78
110,21,93
111,21,79
112,21,14
116,21,76
118,21,25
119,21,86
120,21,34
123,21,82
124,21,5
128,21,11
129,21,41
131,21,39
132,21,23
138,21,21
146,21,39
147,21,92
153,21,47
156,21,66
158,21,30
160,21,73
164,21,21
165,21,20
167,21,76
168,21,94
169,21,77
172,21,30
177,21,8
178,21,12
181,21,54
182,21,39
183,21,96
187,21,94
193,21,36
194,21,66
196,21,96
198,21,75
1,22,80
2,22,58
5,22,43
6,22,86
7,22,47
9,22,84
12,22,64
18,22,31
19,22,50
21,22,97
22,22,14
24,22,9
26,22,90
29,22,58
35,22,95
37,22,67
39,22,91
41,22,3
42,22,91
44,22,90
48,22,33
50,22,60
51,22,39
52,22,24
58,22,71
64,22,88
67,22,22
68,22,36
74,22,47
76,22,5
79,22,53
83,22,86
85,22,83
88,22,91
89,22,91
91,22,89
94,22,89
96,22,34
98,22,25
99,22,40
100,22,58
101,22,44
102,22,38
103,22,19
104,22,88
107,22,20
108,22,53
110,22,54
111,22,14
115,22,52
116,22,23
123,22,81
124,22,92
126,22,42
128,22,26
130,22,81
133,22,70
135,22,19
136,22,89
138,22,67
141,22,79
147,22,10
148,22,22
151,22,99
154,22,93
157,22,45
160,22,63
162,22,47
167,22,36
170,22,77
173,22,27
175,22,79
176,22,57
177,22,82
178,22,53
181,22,73
182,22,32
184,22,71
185,22,95
186,22,70
187,22,89
197,22,17
0,23,72
1,23,21
3,23,73
6,23,96
9,23,89
13,23,46
18,23,1
22,23,42
23,23,87
26,23,7
28,23,61
31,23,21
32,23,4
38,23,82
42,23,80
46,23,96
48,23,41
50,23,10
54,23,72
60,23,59
64,23,63
70,23,63
75,23,6
78,23,16
79,23,66
80,23,73
81,23,53
82,23,22
87,23,20
88,23,72
92,23,56
93,23,53
96,23,74
98,23,75
99,23,80
101,23,87
105,23,60
106,23,96
107,23,21
110,23,62
113,23,1
114,23,64
120,23,13
122,23,97
125,23,95
126,23,89
128,23,63
131,23,56
136,23,56
141,23,17
148,23,83
149,23,44
150,23,2
155,23,63
161,23,42
164,23,97
167,23,30
168,23,1
170,23,2
172,23,33
176,23,57
177,23,40
179,23,93
194,23,94
198,23,26
0,24,79
2,24,38
3,24,23
6,24,2
8,24,97
12,24,71
18,24,26
19,24,57
21,24,65
27,24,54
31,24,65
33,24,33
34,24,97
37,24,38
39,24,48
42,24,15
43,24,22
44,24,80
46,24,68
48,24,88
54,24,99
56,24,19
58,24,37
59,24,8
61,24,96
63,24,34
64,24,52
67,24,14
68,24,19
72,24,78
73,24,97
75,24,16
77,24,63
78,24,54
85,24,64
86,24,23
87,24,21
90,24,86
92,24,51
93,24,22
95,24,33
98,24,36
99,24,59
101,24,26
102,24,78
106,24,80
110,24,47
111,24,50
114,24,62
118,24,91
121,24,93
122,24,82
130,24,60
132,24,9
133,24,95
139,24,61
141,24,45
145,24,2
146,24,9
148,24,22
151,24,37
154,24,48
158,24,14
161,24,55
167,24,66
168,24,99
169,24,24
171,24,90
172,24,35
174,24,97
177,24,71
178,24,69
181,24,11
186,24,87
187,24,20
193,24,7
194,24,23
198,24,54
1,25,97
2,25,87
5,25,15
7,25,25
9,25,4
10,25,63
12,25,1
15,25,48
18,25,57
21,25,96
25,25,63
26,25,4
28,25,33
29,25,19
31,25,76
38,25,44
39,25,30
41,25,24
43,25,88
45,25,84
49,25,27
52,25,81
56,25,96
63,25,60
65,25,42
66,25,38
67,25,80
68,25,97
71,25,97
72,25,96
74,25,97
75,25,27
78,25,7
79,25,96
81,25,10
84,25,57
85,25,33
88,25,72
91,25,84
92,25,98
93,25,68
96,25,91
100,25,74
112,25,27
116,25,81
117,25,70
120,25,57
121,25,4
126,25,74
131,25,23
134,25,72
135,25,96
137,25,50
141,25,36
142,25,96
143,25,76
144,25,1
149,25,31
150,25,84
151,25,46
154,25,69
156,25,78
157,25,17
160,25,46
161,25,14
162,25,35
163,25,68
164,25,68
166,25,30
171,25,24
172,25,61
175,25,53
176,25,20
179,25,42
182,25,5
183,25,91
186,25,79
188,25,25
189,25,19
190,25,8
192,25,39
193,25,88
196,25,20
199,25,28
0,26,74
2,26,73
3,26,65
5,26,32
6,26,57
13,26,98
18,26,76
19,26,59
20,26,83
21,26,94
23,26,15
24,26,22
26,26,84
27,26,89
35,26,41
37,26,53
39,26,71
40,26,93
42,26,83
47,26,70
48,26,92
49,26,60
52,26,86
53,26,12
57,26,71
59,26,22
60,26,37
63,26,83
65,26,19
66,26,89
67,26,80
68,26,90
70,26,12
74,26,82
78,26,3
82,26,88
83,26,43
84,26,67
85,26,46
86,26,7
89,26,52
91,26,37
93,26,69
96,26,26
103,26,40
106,26,2
108,26,57
111,26,61
112,26,94
113,26,19
114,26,99
115,26,23
116,26,54
120,26,67
121,26,26
126,26,75
127,26,78
130,26,66
134,26,40
135,26,36
136,26,52
137,26,30
138,26,68
139,26,92
140,26,81
145,26,4
148,26,69
150,26,60
151,26,98
152,26,30
153,26,17
154,26,27
174,26,80
176,26,87
179,26,23
183,26,13
185,26,87
186,26,40
189,26,13
191,26,84
194,26,95
198,26,95
4,27,68
6,27,91
7,27,3
12,27,13
13,27,99
15,27,60
21,27,79
27,27,38
29,27,96
34,27,60
36,27,31
37,27,30
39,27,12
42,27,48
48,27,46
49,27,4
51,27,42
53,27,38
55,27,21
57,27,5
60,27,57
61,27,18
62,27,81
64,27,98
65,27,42
68,27,47
69,27,82
74,27,78
76,27,25
77,27,24
82,27,88
84,27,44
90,27,26
92,27,62
93,27,14
95,27,94
96,27,97
97,27,13
98,27,70
100,27,68
101,27,90
102,27,53
103,27,53
106,27,26
108,27,73
109,27,15
113,27,94
114,27,25
118,27,64
120,27,5
123,27,13
124,27,48
126,27,99
130,27,93
131,27,25
139,27,41
140,27,77
143,27,77
146,27,16
148,27,18
149,27,85
151,27,1
157,27,42
159,27,52
160,27,77
161,27,10
164,27,62
165,27,61
171,27,27
177,27,58
182,27,26
183,27,24
185,27,58
190,27,67
192,27,31
195,27,37
196,27,84
0,28,30
5,28,32
10,28,63
11,28,54
13,28,39
14,28,38
15,28,6
20,28,16
28,28,56
30,28,31
35,28,60
40,28,94
42,28,69
47,28,71
48,28,72
50,28,10
59,28,71
61,28,73
63,28,12
70,28,50
78,28,48
79,28,46
82,28,34
83,28,43
88,28,50
90,28,69
95,28,37
97,28,65
98,28,37
101,28,87
102,28,71
105,28,42
106,28,45
111,28,94
113,28,34
115,28,14
117,28,46
118,28,39
124,28,77
125,28,73
131,28,83
133,28,64
135,28,47
136,28,53
138,28,18
140,28,9
141,28,39
145,28,92
146,28,65
147,28,71
148,28,97
152,28,47
153,28,40
155,28,46
161,28,62
163,28,82
165,28,67
168,28,95
170,28,41
173,28,3
175,28,91
176,28,65
178,28,13
180,28,83
181,28,10
193,28,72
194,28,63
2,29,54
3,29,43
5,29,61
10,29,7
11,29,31
13,29,99
14,29,89
17,29,28
19,29,5
20,29,9
23,29,52
26,29,66
31,29,80
32,29,19
35,29,99
37,29,43
38,29,33
40,29,46
42,29,42
47,29,68
50,29,58
52,29,84
57,29,37
60,29,62
61,29,67
64,29,42
65,29,70
68,29,67
69,29,73
70,29,64
71,29,35
75,29,59
76,29,4
84,29,67
90,29,89
92,29,72
100,29,62
102,29,61
103,29,50
105,29,97
107,29,73
108,29,6
110,29,19
112,29,70
113,29,29
116,29,94
117,29,9
118,29,81
120,29,49
121,29,58
123,29,49
126,29,71
132,29,3
134,29,37
138,29,69
139,29,58
140,29,34
142,29,53
145,29,61
149,29,4
151,29,44
158,29,56
160,29,63
161,29,12
167,29,16
168,29,5
172,29,13
176,29,9
182,29,20
185,29,26
187,29,38
188,29,87
193,29,12
194,29,54
195,29,89
197,29,66
198,29,23
0,30,65
1,30,27
7,30,38
8,30,16
10,30,30
11,30,53
14,30,13
16,30,4
17,30,53
23,30,52
27,30,35
29,30,85
30,30,83
34,30,72
35,30,78
40,30,16
46,30,22
51,30,56
52,30,84
56,30,27
58,30,32
61,30,14
62,30,21
68,30,12
69,30,62
72,30,33
74,30,26
75,30,51
84,30,58
87,30,96
88,30,27
90,30,82
91,30,90
92,30,92
93,30,62
97,30,95
104,30,15
106,30,9
108,30,29
111,30,6
115,30,6
118,30,33
119,30,11
121,30,36
125,30,85
126,30,45
127,30,82
130,30,74
132,30,57
134,30,30
136,30,22
139,30,9
142,30,46
143,30,90
145,30,7
147,30,61
148,30,89
152,30,34
153,30,31
158,30,12
159,30,32
161,30,57
166,30,66
169,30,72
171,30,75
173,30,54
174,30,17
177,30,19
180,30,91
181,30,94
184,30,62
185,30,65
186,30,16
189,30,25
190,30,74
193,30,25
196,30,24
197,30,23
198,30,38
199,30,44
0,31,77
3,31,49
4,31,51
5,31,94
6,31,60
10,31,79
12,31,9
14,31,96
19,31,48
20,31,50
24,31,22
25,31,90
27,31,6
29,31,44
31,31,67
33,31,31
34,31,20
37,31,36
38,31,29
39,31,39
44,31,45
47,31,39
48,31,72
49,31,6
51,31,58
53,31,66
57,31,48
59,31,43
65,31,73
66,31,60
67,31,27
68,31,96
69,31,7
77,31,5
78,31,37
79,31,93
80,31,7
81,31,58
89,31,26
94,31,65
95,31,32
97,31,90
101,31,30
102,31,44
103,31,4
106,31,39
107,31,23
108,31,92
109,31,44
111,31,82
113,31,69
114,31,36
115,31,55
116,31,45
124,31,36
129,31,82
131,31,87
133,31,40
137,31,59
140,31,83
141,31,4
144,31,47
152,31,35
154,31,23
155,31,97
163,31,37
165,31,61
166,31,87
168,31,51
169,31,38
171,31,66
172,31,97
174,31,69
175,31,40
176,31,35
178,31,39
182,31,71
183,31,25
185,31,72
186,31,90
187,31,22
196,31,67
199,31,34
4,32,96
5,32,99
8,32,86
9,32,22
11,32,58
12,32,30
14,32,22
21,32,12
22,32,14
26,32,71
28,32,38
34,32,83
39,32,58
42,32,34
44,32,13
47,32,14
49,32,8
50,32,30
52,32,77
53,32,86
54,32,36
55,32,16
60,32,70
65,32,47
68,32,6
70,32,81
71,32,30
72,32,73
74,32,50
76,32,25
78,32,88
79,32,39
80,32,69
81,32,14
82,32,12
84,32,91
87,32,91
88,32,3
89,32,68
91,32,96
98,32,79
100,32,47
101,32,29
103,32,89
104,32,19
106,32,25
110,32,20
114,32,84
122,32,87
123,32,40
124,32,33
127,32,46
128,32,96
129,32,94
131,32,44
132,32,35
136,32,79
140,32,35
144,32,38
146,32,70
152,32,53
154,32,84
157,32,41
159,32,97
164,32,53
165,32,85
166,32,66
167,32,45
170,32,29
172,32,21
174,32,12
175,32,76
181,32,94
183,32,29
187,32,42
189,32,3
193,32,59
194,32,59
199,32,94
0,33,55
2,33,12
3,33,91
10,33,42
16,33,77
18,33,48
22,33,91
27,33,43
36,33,77
39,33,42
41,33,46
42,33,8
43,33,29
45,33,93
49,33,4
50,33,26
51,33,57
55,33,95
56,33,58
60,33,75
62,33,74
63,33,50
64,33,77
65,33,57
67,33,5
68,33,79
69,33,70
71,33,14
72,33,36
73,33,67
74,33,36
76,33,92
77,33,41
78,33,66
79,33,63
81,33,36
82,33,99
83,33,54
84,33,18
85,33,98
87,33,4
88,33,23
89,33,6
90,33,95
100,33,28
102,33,83
106,33,47
110,33,83
115,33,25
116,33,95
118,33,28
119,33,48
120,33,9
122,33,10
129,33,31
130,33,83
132,33,44
133,33,54
135,33,16
138,33,13
139,33,44
142,33,71
146,33,4
147,33,2
148,33,54
149,33,15
150,33,57
156,33,84
158,33,94
162,33,7
163,33,45
165,33,73
167,33,12
174,33,8
175,33,43
176,33,32
177,33,2
179,33,29
186,33,42
188,33,8
190,33,41
191,33,42
192,33,73
194,33,71
196,33,27
7,34,13
8,34,5
11,34,32
13,34,64
15,34,51
20,34,69
30,34,87
31,34,42
36,34,27
37,34,20
41,34,76
42,34,37
44,34,75
48,34,14
52,34,43
53,34,72
55,34,17
56,34,76
57,34,31
58,34,29
59,34,63
61,34,66
66,34,53
69,34,46
70,34,55
74,34,9
76,34,46
80,34,54
81,34,56
87,34,46
88,34,5
90,34,93
92,34,22
93,34,48
94,34,8
95,34,84
97,34,18
99,34,14
100,34,53
102,34,8
109,34,93
110,34,87
112,34,61
113,34,14
115,34,13
117,34,50
120,34,79
121,34,31
123,34,95
126,34,85
127,34,66
130,34,33
131,34,71
132,34,12
133,34,17
137,34,91
138,34,99
139,34,24
140,34,37
146,34,40
154,34,37
155,34,30
159,34,68
160,34,31
161,34,81
162,34,98
163,34,76
164,34,4
167,34,17
169,34,99
170,34,54
176,34,53
179,34,79
189,34,93
194,34,83
195,34,54
198,34,54
4,35,61
6,35,30
10,35,15
13,35,10
19,35,74
23,35,33
24,35,58
25,35,30
27,35,30
28,35,89
34,35,66
36,35,95
37,35,88
40,35,17
44,35,8
53,35,14
54,35,53
57,35,37
58,35,10
60,35,32
61,35,8
63,35,40
67,35,60
68,35,43
71,35,57
72,35,87
73,35,72
74,35,18
75,35,33
76,35,64
77,35,86
85,35,78
88,35,6
91,35,77
92,35,7
94,35,26
99,35,74
100,35,18
106,35,25
107,35,96
108,35,7
113,35,92
119,35,25
124,35,52
125,35,95
126,35,61
127,35,65
128,35,81
130,35,53
134,35,68
135,35,32
136,35,79
137,35,47
139,35,38
143,35,76
145,35,97
146,35,66
147,35,17
152,35,87
154,35,17
155,35,58
156,35,36
157,35,12
158,35,48
161,35,97
164,35,79
165,35,42
167,35,55
168,35,95
169,35,34
170,35,33
172,35,54
174,35,35
176,35,86
178,35,43
181,35,79
184,35,31
185,35,95
186,35,59
191,35,9
193,35,29
195,35,26
199,35,12
1,36,56
6,36,28
8,36,1
10,36,25
11,36,28
12,36,24
14,36,20
23,36,74
25,36,23
26,36,56
30,36,62
32,36,60
33,36,25
34,36,7
35,36,27
36,36,69
37,36,3
38,36,53
43,36,6
50,36,55
51,36,14
54,36,17
58,36,19
59,36,63
60,36,8
62,36,82
65,36,54
67,36,7
68,36,40
69,36,73
71,36,72
72,36,97
75,36,72
78,36,73
79,36,90
84,36,50
85,36,61
86,36,32
87,36,58
90,36,89
92,36,56
94,36,77
97,36,49
98,36,37
100,36,79
102,36,57
104,36,66
109,36,65
113,36,58
115,36,77
118,36,50
122,36,54
124,36,18
128,36,97
130,36,59
131,36,79
137,36,10
140,36,74
141,36,57
147,36,84
148,36,4
149,36,25
153,36,8
154,36,58
155,36,43
156,36,84
166,36,71
167,36,22
169,36,14
172,36,2
173,36,95
175,36,19
178,36,11
179,36,16
181,36,97
189,36,13
191,36,68
196,36,4
198,36,52
2,37,43
7,37,38
11,37,97
13,37,95
14,37,22
21,37,40
22,37,81
24,37,76
25,37,35
27,37,40
30,37,82
31,37,23
35,37,95
36,37,5
37,37,5
40,37,70
45,37,70
52,37,53
58,37,98
60,37,68
63,37,77
64,37,40
66,37,79
67,37,87
68,37,31
69,37,63
71,37,98
75,37,9
76,37,34
77,37,82
80,37,26
81,37,89
82,37,43
85,37,89
87,37,91
91,37,80
98,37,8
99,37,8
102,37,71
107,37,24
110,37,21
116,37,53
121,37,62
123,37,55
124,37,45
126,37,51
128,37,34
130,37,5
132,37,26
134,37,53
137,37,25
138,37,63
143,37,17
146,37,19
148,37,50
149,37,21
154,37,10
161,37,90
164,37,64
165,37,38
168,37,34
169,37,42
170,37,66
178,37,29
181,37,90
189,37,3
193,37,24
197,37,43
2,38,69
4,38,74
7,38,2
12,38,60
13,38,62
14,38,57
17,38,72
23,38,66
25,38,7
26,38,61
29,38,13
30,38,6
32,38,70
34,38,97
35,38,40
40,38,93
43,38,63
44,38,23
45,38,61
46,38,82
49,38,61
50,38,60
52,38,45
56,38,54
61,38,72
62,38,76
63,38,27
64,38,26
65,38,24
68,38,91
70,38,67
72,38,92
73,38,85
76,38,26
77,38,12
81,38,19
84,38,84
89,38,21
90,38,93
91,38,61
95,38,12
97,38,21
99,38,59
100,38,81
102,38,60
103,38,62
104,38,89
105,38,65
106,38,77
109,38,12
112,38,26
115,38,5
116,38,38
121,38,86
124,38,29
133,38,46
134,38,36
135,38,29
136,38,60
140,38,48
142,38,78
144,38,95
145,38,17
147,38,7
148,38,96
149,38,69
151,38,58
152,38,79
155,38,87
161,38,63
162,38,26
164,38,53
167,38,22
168,38,59
169,38,87
171,38,48
172,38,33
174,38,42
178,38,45
179,38,43
181,38,87
184,38,78
185,38,79
187,38,98
191,38,76
195,38,83
199,38,65
1,39,70
3,39,90
11,39,41
16,39,41
17,39,6
18,39,23
21,39,43
22,39,70
24,39,72
26,39,90
27,39,73
32,39,69
35,39,3
42,39,56
45,39,21
51,39,3
53,39,94
55,39,77
57,39,98
59,39,33
60,39,81
65,39,81
66,39,69
68,39,23
71,39,78
73,39,8
74,39,6
75,39,4
76,39,3
78,39,1
80,39,5
81,39,1
82,39,2
83,39,6
85,39,30
88,39,51
91,39,42
93,39,9
95,39,40
96,39,5
101,39,94
106,39,29
109,39,42
112,39,98
115,39,37
118,39,93
129,39,88
130,39,6
132,39,77
134,39,18
136,39,31
138,39,9
141,39,13
142,39,42
147,39,35
152,39,7
153,39,49
154,39,13
156,39,46
157,39,83
159,39,50
163,39,41
168,39,92
171,39,43
174,39,11
176,39,53
177,39,25
178,39,5
182,39,79
187,39,80
190,39,96
194,39,15
0,40,51
3,40,65
4,40,9
7,40,21
8,40,38
11,40,71
17,40,32
18,40,15
23,40,37
24,40,78
36,40,91
39,40,28
43,40,3
45,40,77
47,40,73
48,40,49
50,40,69
56,40,53
57,40,24
59,40,60
61,40,71
62,40,46
73,40,21
74,40,3
75,40,5
76,40,3
77,40,6
78,40,61
80,40,9
81,40,7
82,40,7
83,40,9
87,40,51
88,40,47
95,40,57
96,40,58
97,40,28
98,40,6
103,40,70
104,40,98
109,40,58
110,40,87
112,40,37
114,40,1
119,40,64
120,40,70
122,40,38
125,40,50
129,40,33
130,40,62
134,40,59
136,40,30
142,40,38
145,40,12
151,40,39
156,40,62
164,40,58
165,40,63
166,40,91
170,40,33
171,40,68
173,40,64
176,40,51
180,40,11
181,40,12
183,40,99
189,40,83
193,40,43
194,40,77
195,40,69
197,40,75
198,40,39
1,41,78
2,41,73
5,41,12
7,41,22
8,41,97
10,41,1
11,41,74
12,41,72
13,41,42
16,41,34
17,41,31
18,41,13
19,41,66
23,41,4
31,41,25
32,41,96
38,41,28
40,41,37
45,41,50
46,41,40
48,41,4
51,41,14
53,41,55
57,41,53
60,41,31
61,41,72
62,41,84
63,41,73
64,41,25
70,41,20
72,41,95
73,41,8
74,41,1
75,41,45
76,41,51
77,41,9
78,41,4
79,41,6
81,41,6
82,41,9
83,41,1
84,41,45
91,41,13
93,41,55
98,41,30
102,41,31
104,41,66
105,41,8
111,41,16
114,41,47
116,41,7
117,41,99
118,41,66
122,41,14
129,41,64
132,41,86
134,41,95
135,41,63
136,41,43
140,41,57
142,41,97
144,41,65
146,41,55
148,41,52
149,41,92
150,41,35
152,41,10
160,41,1
161,41,69
163,41,84
167,41,57
169,41,77
170,41,80
174,41,33
175,41,86
177,41,2
178,41,2
182,41,8
190,41,92
192,41,6
193,41,75
194,41,41
196,41,26
198,41,73
0,42,9
3,42,97
4,42,16
12,42,95
14,42,10
15,42,33
17,42,12
19,42,26
20,42,71
30,42,36
31,42,64
33,42,71
34,42,53
35,42,5
36,42,65
37,42,39
38,42,96
39,42,25
44,42,68
45,42,70
47,42,48
53,42,54
54,42,78
57,42,56
58,42,99
60,42,21
62,42,29
63,42,14
69,42,19
71,42,53
72,42,93
73,42,5
74,42,94
75,42,9
76,42,2
77,42,43
78,42,8
79,42,8
80,42,28
82,42,7
83,42,4
86,42,1
90,42,57
91,42,98
93,42,73
97,42,82
98,42,81
99,42,92
102,42,59
104,42,54
112,42,74
113,42,3
114,42,11
120,42,97
121,42,54
124,42,18
125,42,8
128,42,2
130,42,60
133,42,1
135,42,9
136,42,90
139,42,52
140,42,75
147,42,63
153,42,66
155,42,95
156,42,88
157,42,31
159,42,79
160,42,45
165,42,60
169,42,56
180,42,30
182,42,42
183,42,76
188,42,43
195,42,98
197,42,68
198,42,90
199,42,92
0,43,59
1,43,6
5,43,6
9,43,46
10,43,30
11,43,46
14,43,29
26,43,30
27,43,52
29,43,64
34,43,65
35,43,56
37,43,28
38,43,7
43,43,18
48,43,37
50,43,57
54,43,99
55,43,34
57,43,73
58,43,92
60,43,6
64,43,94
71,43,89
72,43,63
74,43,2
75,43,6
76,43,3
77,43,2
78,43,8
79,43,3
81,43,8
82,43,2
83,43,97
84,43,79
88,43,8
89,43,12
91,43,29
95,43,54
96,43,1
99,43,65
100,43,62
101,43,80
103,43,58
104,43,33
105,43,56
106,43,6
108,43,39
109,43,48
113,43,65
118,43,67
119,43,87
120,43,79
121,43,74
123,43,16
124,43,56
126,43,35
129,43,97
131,43,49
135,43,82
137,43,53
140,43,87
146,43,51
148,43,18
149,43,72
152,43,26
153,43,27
155,43,73
157,43,83
158,43,92
166,43,21
173,43,29
176,43,27
178,43,10
179,43,97
181,43,31
182,43,26
183,43,41
184,43,47
186,43,92
187,43,65
190,43,13
191,43,12
194,43,56
195,43,34
198,43,3
199,43,73
0,44,86
4,44,20
7,44,73
8,44,19
9,44,7
15,44,57
16,44,15
19,44,27
21,44,44
26,44,25
28,44,64
29,44,60
34,44,66
36,44,66
38,44,89
39,44,37
50,44,53
54,44,16
56,44,78
57,44,71
61,44,76
62,44,20
63,44,10
66,44,93
67,44,45
68,44,24
69,44,36
70,44,12
72,44,64
73,44,2
74,44,2
75,44,7
76,44,3
78,44,0
79,44,5
80,44,9
81,44,8
82,44,7
84,44,5
86,44,43
88,44,88
89,44,99
91,44,88
94,44,92
97,44,63
98,44,32
99,44,48
100,44,22
101,44,40
102,44,60
103,44,37
106,44,92
107,44,34
109,44,52
110,44,73
112,44,57
113,44,29
114,44,21
116,44,17
118,44,63
122,44,78
124,44,91
125,44,87
126,44,23
129,44,68
131,44,37
136,44,80
138,44,3
140,44,31
143,44,84
144,44,54
145,44,87
146,44,39
148,44,77
149,44,18
150,44,46
153,44,26
160,44,95
161,44,95
164,44,37
165,44,60
167,44,30
172,44,98
175,44,70
178,44,65
180,44,54
187,44,5
188,44,91
190,44,82
198,44,52
0,45,59
1,45,77
3,45,37
6,45,58
11,45,26
14,45,66
19,45,16
25,45,25
26,45,63
27,45,54
28,45,59
30,45,86
31,45,6
32,45,31
33,45,17
36,45,94
37,45,1
41,45,80
42,45,68
47,45,59
48,45,75
53,45,92
55,45,68
56,45,89
57,45,13
58,45,68
62,45,99
63,45,46
65,45,78
67,45,80
68,45,98
69,45,68
70,45,3
73,45,9
74,45,2
77,45,6
78,45,1
79,45,4
80,45,10
81,45,5
82,45,3
83,45,2
87,45,83
91,45,94
97,45,81
104,45,38
107,45,59
113,45,11
114,45,11
115,45,75
120,45,48
124,45,33
126,45,61
132,45,21
133,45,75
134,45,23
137,45,80
139,45,50
140,45,17
141,45,87
144,45,43
147,45,17
150,45,7
151,45,75
154,45,5
155,45,32
156,45,6
157,45,31
160,45,81
163,45,83
165,45,70
166,45,88
171,45,77
172,45,4
173,45,42
179,45,37
180,45,61
181,45,11
185,45,13
186,45,54
188,45,37
191,45,15
192,45,27
193,45,50
195,45,86
196,45,77
198,45,90
199,45,76
2,46,25
3,46,48
4,46,17
6,46,15
7,46,13
8,46,73
11,46,87
17,46,38
18,46,72
19,46,25
20,46,70
22,46,32
24,46,51
25,46,9
26,46,90
32,46,3
33,46,87
34,46,37
37,46,94
40,46,52
41,46,12
45,46,15
46,46,37
48,46,74
50,46,58
51,46,50
53,46,88
55,46,57
58,46,19
59,46,66
63,46,61
64,46,54
65,46,37
66,46,78
70,46,31
71,46,7
73,46,43
74,46,4
75,46,5
76,46,6
77,46,6
78,46,2
79,46,11
80,46,9
81,46,7
82,46,5
83,46,1
85,46,36
89,46,4
97,46,85
99,46,3
101,46,86
102,46,3
103,46,92
106,46,2
107,46,59
109,46,47
110,46,82
113,46,55
123,46,24
125,46,17
129,46,84
131,46,87
135,46,99
137,46,56
141,46,83
144,46,29
146,46,9
148,46,73
151,46,17
152,46,64
153,46,33
154,46,55
155,46,40
157,46,9
163,46,62
167,46,64
168,46,49
173,46,62
180,46,81
181,46,53
190,46,86
191,46,40
192,46,47
194,46,35
196,46,19
197,46,68
0,47,38
4,47,42
6,47,10
7,47,93
8,47,8
12,47,55
15,47,66
16,47,45
19,47,32
20,47,11
22,47,50
23,47,89
25,47,54
27,47,48
29,47,61
30,47,45
32,47,3
33,47,25
34,47,95
37,47,50
38,47,43
40,47,8
41,47,84
48,47,18
49,47,5
54,47,38
57,47,89
61,47,97
63,47,35
64,47,71
65,47,61
66,47,23
71,47,94
73,47,9
74,47,6
76,47,1
77,47,6
78,47,3
79,47,12
80,47,8
81,47,9
82,47,9
83,47,3
85,47,45
86,47,9
87,47,37
90,47,37
95,47,99
96,47,52
98,47,10
100,47,4
101,47,58
103,47,97
107,47,15
108,47,10
111,47,19
112,47,25
113,47,93
114,47,69
116,47,39
117,47,85
121,47,67
122,47,26
125,47,47
127,47,14
129,47,52
130,47,89
134,47,73
142,47,72
144,47,48
146,47,46
147,47,45
148,47,41
152,47,49
153,47,33
154,47,10
161,47,50
162,47,19
164,47,65
166,47,85
170,47,20
171,47,75
175,47,72
177,47,97
181,47,79
185,47,90
186,47,14
188,47,86
191,47,93
194,47,25
197,47,65
198,47,1
199,47,34
2,48,68
3,48,32
4,48,74
5,48,45
6,48,41
9,48,51
11,48,14
14,48,18
19,48,15
20,48,52
23,48,8
24,48,52
27,48,38
28,48,36
32,48,50
34,48,74
39,48,8
40,48,37
41,48,40
52,48,89
53,48,54
57,48,31
59,48,17
63,48,40
65,48,95
66,48,62
70,48,53
72,48,58
73,48,1
75,48,3
76,48,3
77,48,3
78,48,4
79,48,6
80,48,7
81,48,1
82,48,2
84,48,78
85,48,52
87,48,75
89,48,24
90,48,57
91,48,95
92,48,56
94,48,91
96,48,13
99,48,53
108,48,45
111,48,20
112,48,26
113,48,51
116,48,26
117,48,13
118,48,92
120,48,62
121,48,36
122,48,29
125,48,22
127,48,52
129,48,5
130,48,14
135,48,5
138,48,87
139,48,85
142,48,8
145,48,67
147,48,38
148,48,75
150,48,97
151,48,22
155,48,80
156,48,31
160,48,7
161,48,58
162,48,22
164,48,6
165,48,73
166,48,62
167,48,83
169,48,54
171,48,60
172,48,13
174,48,69
177,48,52
180,48,91
181,48,87
183,48,51
188,48,6
190,48,9
192,48,82
193,48,52
198,48,10
3,49,62
6,49,82
7,49,58
19,49,67
20,49,90
22,49,54
26,49,10
29,49,57
31,49,10
34,49,79
35,49,62
36,49,13
39,49,77
42,49,99
44,49,85
46,49,61
47,49,16
48,49,77
49,49,49
55,49,14
56,49,84
57,49,13
59,49,56
60,49,76
65,49,99
66,49,67
68,49,97
73,49,5
74,49,1
76,49,5
77,49,4
78,49,5
80,49,6
81,49,71
82,49,1
83,49,7
86,49,47
88,49,11
89,49,27
92,49,90
93,49,27
94,49,35
95,49,99
99,49,45
100,49,15
101,49,35
102,49,23
106,49,82
108,49,4
115,49,65
116,49,96
117,49,8
120,49,65
122,49,39
123,49,56
125,49,9
128,49,90
130,49,37
131,49,24
132,49,71
136,49,26
137,49,91
140,49,59
141,49,64
143,49,10
145,49,88
149,49,76
151,49,62
155,49,68
157,49,12
160,49,80
161,49,81
162,49,92
163,49,64
165,49,19
168,49,29
170,49,22
174,49,35
177,49,43
178,49,64
179,49,12
180,49,35
182,49,53
183,49,50
184,49,80
185,49,21
188,49,66
192,49,94
195,49,82
196,49,36
197,49,38
5,50,95
7,50,42
9,50,38
12,50,28
16,50,60
17,50,6
18,50,55
19,50,12
21,50,64
22,50,90
23,50,31
24,50,30
29,50,74
31,50,51
32,50,23
33,50,17
34,50,97
35,50,59
37,50,85
39,50,82
41,50,2
44,50,6
45,50,95
48,50,72
49,50,42
56,50,87
59,50,61
69,50,44
70,50,63
73,50,50
76,50,96
78,50,37
79,50,5
80,50,86
81,50,92
83,50,35
85,50,12
87,50,70
88,50,27
89,50,6
92,50,34
93,50,20
95,50,36
98,50,52
99,50,24
102,50,83
106,50,21
110,50,29
113,50,83
114,50,40
117,50,57
119,50,29
122,50,8
132,50,29
133,50,54
135,50,60
141,50,61
144,50,67
145,50,17
147,50,81
153,50,73
154,50,16
157,50,54
162,50,79
165,50,36
170,50,98
171,50,81
182,50,49
184,50,42
185,50,28
189,50,89
196,50,58
0,51,77
2,51,91
4,51,25
6,51,59
8,51,44
11,51,97
14,51,61
20,51,54
22,51,93
24,51,43
25,51,24
26,51,25
28,51,31
33,51,55
34,51,88
35,51,85
38,51,85
40,51,44
45,51,40
47,51,46
48,51,55
49,51,12
55,51,2
56,51,10
58,51,33
59,51,75
60,51,23
61,51,22
63,51,66
64,51,92
67,51,65
69,51,50
78,51,11
81,51,39
82,51,27
83,51,80
84,51,42
86,51,64
87,51,99
93,51,93
103,51,29
105,51,64
108,51,93
109,51,62
110,51,94
113,51,46
114,51,66
115,51,70
117,51,47
118,51,36
122,51,91
123,51,14
124,51,7
128,51,84
131,51,54
133,51,34
135,51,27
136,51,97
137,51,76
138,51,74
139,51,50
140,51,84
141,51,67
142,51,29
145,51,71
147,51,87
149,51,7
150,51,81
151,51,53
159,51,83
162,51,61
163,51,46
169,51,12
173,51,98
175,51,62
176,51,71
178,51,78
179,51,9
182,51,29
184,51,95
185,51,34
187,51,94
191,51,42
195,51,54
196,51,81
197,51,21
1,52,96
4,52,53
5,52,53
14,52,6
19,52,28
21,52,67
23,52,46
25,52,56
27,52,89
34,52,68
37,52,65
38,52,90
42,52,74
44,52,10
45,52,67
46,52,69
47,52,64
51,52,53
52,52,34
53,52,32
54,52,77
56,52,2
58,52,32
62,52,81
66,52,18
68,52,20
82,52,30
84,52,55
87,52,58
90,52,40
92,52,11
93,52,94
96,52,30
101,52,2
102,52,68
104,52,73
106,52,72
109,52,63
110,52,71
116,52,39
117,52,1
118,52,44
119,52,3
121,52,69
127,52,68
129,52,43
130,52,96
132,52,68
133,52,47
134,52,94
135,52,64
136,52,27
143,52,49
153,52,81
154,52,65
156,52,5
157,52,67
158,52,93
163,52,19
164,52,55
168,52,71
169,52,59
170,52,63
171,52,97
174,52,30
175,52,15
179,52,34
181,52,25
182,52,93
183,52,92
188,52,80
190,52,33
192,52,66
195,52,98
199,52,68
0,53,31
1,53,37
5,53,47
9,53,15
10,53,52
11,53,75
13,53,31
15,53,87
20,53,74
21,53,19
22,53,7
23,53,17
24,53,84
25,53,62
26,53,92
27,53,84
31,53,25
34,53,40
42,53,41
45,53,93
52,53,7
57,53,2
59,53,64
61,53,64
66,53,27
67,53,90
69,53,54
70,53,28
74,53,32
75,53,97
76,53,63
77,53,97
80,53,70
82,53,14
87,53,3
90,53,30
92,53,84
94,53,27
96,53,77
97,53,66
99,53,54
100,53,54
103,53,1
108,53,75
109,53,62
110,53,19
112,53,73
115,53,64
116,53,64
119,53,16
123,53,17
128,53,62
130,53,80
131,53,57
136,53,72
137,53,51
139,53,78
142,53,56
148,53,59
151,53,48
153,53,51
155,53,29
158,53,13
159,53,42
163,53,58
165,53,46
167,53,14
168,53,44
169,53,87
170,53,48
172,53,16
176,53,79
177,53,60
180,53,93
183,53,18
186,53,69
190,53,81
191,53,61
194,53,31
196,53,65
199,53,26
0,54,12
1,54,54
2,54,80
3,54,33
7,54,77
10,54,29
12,54,69
13,54,94
20,54,45
24,54,15
25,54,74
27,54,13
28,54,89
29,54,98
33,54,48
39,54,47
43,54,45
44,54,16
45,54,87
48,54,23
49,54,25
51,54,22
52,54,62
53,54,34
55,54,52
56,54,3
58,54,99
61,54,98
63,54,94
64,54,26
70,54,2
71,54,74
78,54,84
81,54,3
83,54,2
86,54,96
87,54,43
88,54,54
89,54,15
90,54,78
91,54,98
92,54,63
95,54,8
97,54,62
99,54,6
100,54,67
101,54,83
102,54,44
106,54,75
107,54,98
110,54,65
112,54,58
113,54,6
115,54,42
116,54,85
120,54,75
131,54,90
133,54,97
135,54,57
139,54,57
144,54,11
146,54,93
149,54,46
153,54,85
154,54,68
155,54,22
158,54,37
166,54,57
168,54,92
172,54,67
174,54,62
175,54,53
176,54,88
177,54,75
180,54,6
181,54,44
183,54,37
184,54,6
186,54,96
188,54,56
189,54,90
191,54,90
192,54,55
195,54,62
198,54,49
199,54,94
1,55,90
4,55,2
5,55,44
7,55,54
8,55,13
9,55,47
10,55,42
11,55,65
12,55,18
19,55,60
22,55,30
27,55,19
28,55,92
29,55,77
31,55,16
34,55,71
38,55,99
40,55,4
43,55,82
44,55,73
45,55,21
51,55,64
52,55,5
54,55,10
58,55,55
59,55,60
61,55,37
67,55,39
70,55,83
75,55,93
78,55,82
84,55,11
85,55,93
86,55,34
89,55,50
93,55,50
96,55,78
99,55,6
102,55,78
103,55,10
107,55,86
111,55,5
113,55,86
116,55,94
117,55,72
121,55,73
122,55,58
125,55,42
126,55,37
130,55,62
133,55,12
136,55,31
137,55,87
139,55,87
140,55,41
141,55,81
142,55,32
145,55,13
146,55,90
147,55,8
148,55,79
149,55,72
151,55,51
152,55,28
153,55,58
156,55,62
157,55,36
159,55,9
160,55,48
161,55,84
165,55,45
167,55,79
180,55,92
181,55,20
184,55,29
186,55,14
189,55,72
190,55,17
193,55,88
194,55,6
195,55,31
197,55,44
3,56,94
10,56,61
14,56,84
15,56,12
18,56,36
20,56,31
22,56,45
27,56,5
28,56,34
32,56,81
35,56,40
36,56,35
38,56,78
39,56,6
40,56,59
42,56,57
47,56,20
49,56,14
55,56,13
64,56,43
66,56,70
68,56,97
72,56,35
76,56,95
80,56,27
81,56,13
87,56,77
89,56,6
93,56,61
94,56,26
96,56,83
100,56,27
102,56,70
103,56,76
106,56,64
107,56,18
108,56,80
112,56,1
116,56,32
120,56,15
121,56,74
128,56,72
129,56,12
130,56,59
131,56,50
132,56,49
135,56,90
137,56,4
138,56,53
143,56,93
144,56,87
145,56,78
148,56,70
153,56,86
155,56,64
157,56,4
161,56,5
162,56,16
166,56,14
169,56,36
171,56,45
172,56,92
173,56,23
175,56,67
176,56,11
177,56,6
183,56,43
184,56,89
190,56,4
193,56,98
195,56,89
197,56,92
198,56,20
0,57,58
2,57,48
6,57,76
7,57,59
8,57,97
9,57,97
12,57,8
13,57,76
14,57,25
15,57,96
17,57,45
19,57,5
28,57,8
29,57,24
31,57,6
36,57,92
41,57,77
42,57,90
46,57,39
48,57,38
53,57,45
59,57,12
60,57,42
61,57,72
62,57,30
64,57,58
65,57,23
66,57,6
72,57,15
77,57,40
81,57,70
83,57,90
85,57,77
88,57,23
89,57,1
90,57,56
92,57,39
95,57,69
96,57,63
97,57,56
98,57,23
100,57,74
107,57,53
108,57,5
109,57,61
111,57,46
115,57,7
119,57,23
122,57,89
125,57,24
128,57,43
135,57,71
139,57,73
143,57,42
146,57,80
147,57,30
148,57,21
150,57,27
156,57,50
158,57,76
160,57,4
161,57,42
164,57,51
166,57,59
168,57,52
171,57,16
175,57,15
176,57,48
180,57,2
181,57,86
185,57,56
188,57,35
189,57,73
190,57,90
191,57,88
193,57,53
194,57,69
199,57,69
0,58,55
1,58,73
8,58,91
12,58,86
19,58,51
22,58,5
23,58,81
25,58,40
26,58,53
27,58,19
28,58,71
34,58,26
36,58,31
44,58,80
45,58,41
46,58,56
47,58,20
52,58,8
55,58,9
56,58,65
58,58,78
60,58,30
64,58,8
66,58,33
69,58,47
71,58,81
73,58,95
74,58,67
75,58,70
77,58,24
78,58,48
80,58,8
81,58,41
82,58,13
84,58,72
86,58,33
90,58,29
93,58,32
97,58,10
98,58,99
100,58,90
101,58,49
102,58,24
103,58,91
105,58,44
112,58,86
114,58,55
116,58,52
118,58,40
120,58,3
122,58,34
124,58,40
128,58,95
130,58,48
132,58,75
137,58,94
138,58,7
139,58,94
141,58,15
143,58,67
144,58,39
151,58,33
153,58,46
156,58,42
158,58,15
161,58,94
162,58,7
166,58,92
167,58,17
170,58,25
178,58,3
179,58,77
180,58,63
185,58,8
189,58,32
191,58,82
192,58,75
196,58,28
3,59,54
6,59,23
9,59,59
11,59,42
15,59,25
17,59,11
18,59,37
21,59,76
22,59,92
24,59,59
25,59,49
26,59,39
29,59,57
32,59,4
34,59,38
38,59,14
39,59,5
45,59,34
47,59,63
48,59,55
50,59,46
54,59,22
57,59,7
59,59,42
60,59,97
64,59,56
66,59,86
73,59,12
74,59,77
79,59,89
82,59,80
86,59,10
88,59,70
90,59,48
91,59,68
94,59,49
96,59,94
100,59,52
102,59,20
103,59,86
104,59,52
108,59,52
109,59,66
112,59,61
118,59,76
120,59,3
126,59,39
129,59,92
134,59,54
135,59,10
136,59,43
140,59,17
142,59,22
145,59,56
146,59,80
150,59,69
151,59,36
157,59,49
160,59,68
161,59,62
165,59,79
168,59,54
169,59,32
172,59,18
173,59,69
174,59,38
175,59,53
179,59,2
182,59,76
184,59,57
186,59,3
194,59,91
195,59,74
199,59,56
10,60,74
12,60,92
13,60,83
14,60,22
15,60,46
16,60,85
19,60,6
20,60,37
21,60,77
25,60,31
27,60,71
28,60,34
29,60,11
30,60,60
34,60,63
37,60,97
38,60,19
41,60,12
43,60,78
45,60,71
46,60,31
47,60,45
48,60,46
51,60,4
54,60,48
57,60,80
58,60,85
59,60,11
60,60,44
63,60,34
66,60,75
67,60,3
72,60,93
73,60,25
75,60,11
76,60,43
77,60,47
80,60,66
82,60,79
84,60,91
85,60,81
88,60,95
94,60,86
98,60,4
103,60,33
105,60,10
106,60,12
109,60,36
110,60,38
111,60,53
112,60,70
113,60,68
116,60,55
117,60,61
119,60,26
120,60,2
121,60,31
123,60,18
129,60,63
130,60,68
133,60,42
134,60,66
135,60,40
137,60,78
139,60,12
140,60,4
144,60,85
149,60,70
150,60,52
153,60,17
154,60,51
156,60,7
159,60,59
164,60,77
165,60,91
175,60,29
180,60,2
182,60,71
183,60,60
188,60,70
190,60,85
191,60,29
193,60,38
194,60,43
196,60,67
199,60,92
2,61,90
3,61,59
5,61,21
6,61,94
8,61,53
12,61,86
14,61,55
15,61,82
17,61,20
18,61,34
21,61,56
27,61,11
28,61,57
29,61,30
30,61,87
31,61,55
33,61,73
38,61,77
39,61,25
41,61,14
45,61,87
46,61,70
49,61,97
51,61,19
54,61,91
56,61,24
61,61,41
64,61,94
66,61,92
68,61,71
71,61,20
74,61,95
76,61,76
77,61,47
78,61,6
80,61,14
81,61,67
82,61,87
86,61,54
88,61,46
89,61,40
91,61,3
92,61,46
93,61,57
95,61,45
96,61,21
97,61,21
98,61,1
99,61,45
101,61,14
104,61,94
106,61,67
112,61,43
116,61,67
117,61,55
118,61,18
120,61,71
121,61,51
123,61,84
125,61,1
126,61,1
130,61,96
133,61,82
135,61,31
137,61,74
142,61,37
144,61,43
146,61,33
148,61,4
152,61,24
157,61,98
158,61,71
162,61,1
168,61,56
171,61,5
176,61,39
177,61,94
178,61,78
184,61,30
188,61,7
190,61,14
196,61,60
198,61,95
199,61,33
1,62,70
3,62,29
9,62,90
10,62,14
11,62,17
13,62,17
17,62,70
18,62,99
20,62,54
24,62,96
27,62,78
34,62,60
44,62,66
45,62,88
48,62,53
50,62,87
51,62,48
52,62,82
53,62,8
56,62,79
67,62,83
68,62,6
69,62,12
71,62,97
76,62,75
79,62,31
81,62,43
83,62,79
84,62,31
87,62,61
88,62,49
92,62,15
94,62,13
95,62,27
97,62,65
99,62,52
101,62,48
108,62,67
117,62,80
119,62,48
122,62,89
123,62,19
132,62,11
134,62,45
138,62,71
139,62,10
142,62,26
144,62,94
145,62,55
151,62,79
158,62,10
160,62,51
161,62,94
162,62,7
164,62,51
169,62,80
170,62,56
175,62,56
179,62,83
180,62,71
181,62,64
182,62,22
185,62,99
188,62,70
192,62,28
193,62,22
194,62,77
195,62,26
6,63,2
7,63,48
9,63,52
13,63,64
14,63,61
16,63,61
17,63,9
20,63,90
22,63,56
25,63,78
26,63,76
29,63,88
34,63,61
36,63,70
37,63,36
42,63,36
45,63,28
49,63,89
50,63,42
51,63,64
54,63,28
56,63,4
57,63,41
60,63,7
61,63,1
63,63,80
66,63,41
70,63,98
73,63,90
75,63,50
77,63,14
79,63,60
81,63,15
87,63,84
88,63,49
90,63,71
93,63,83
95,63,50
97,63,29
99,63,69
101,63,28
105,63,96
106,63,67
111,63,17
114,63,51
116,63,37
117,63,10
120,63,62
121,63,84
124,63,93
127,63,27
128,63,98
129,63,35
132,63,13
140,63,22
143,63,43
146,63,23
155,63,75
156,63,25
157,63,29
158,63,86
159,63,33
161,63,16
163,63,55
169,63,79
170,63,55
171,63,22
180,63,76
181,63,41
182,63,23
187,63,70
194,63,44
195,63,93
197,63,3
199,63,69
0,64,16
5,64,38
9,64,55
11,64,27
13,64,88
15,64,82
16,64,64
20,64,92
24,64,80
26,64,39
32,64,30
34,64,22
35,64,4
37,64,85
40,64,9
43,64,64
45,64,69
49,64,46
51,64,78
53,64,75
57,64,92
58,64,82
60,64,35
63,64,74
66,64,16
67,64,38
69,64,13
75,64,22
76,64,68
78,64,78
81,64,6
82,64,46
84,64,43
86,64,67
87,64,43
88,64,2
94,64,40
95,64,76
102,64,69
106,64,90
107,64,94
108,64,51
111,64,86
113,64,93
114,64,51
116,64,47
119,64,12
121,64,72
122,64,55
123,64,98
126,64,71
128,64,37
130,64,58
132,64,26
135,64,61
136,64,8
139,64,69
144,64,3
146,64,22
150,64,16
153,64,73
164,64,68
165,64,76
167,64,99
170,64,4
171,64,42
173,64,56
179,64,72
180,64,60
181,64,83
190,64,61
192,64,9
196,64,19
198,64,87
199,64,90
0,65,29
2,65,99
3,65,50
5,65,24
7,65,55
8,65,85
10,65,80
11,65,50
12,65,98
18,65,90
20,65,83
24,65,73
25,65,89
29,65,65
30,65,60
33,65,61
34,65,63
37,65,79
39,65,77
40,65,6
43,65,16
49,65,56
50,65,36
51,65,28
52,65,64
70,65,42
74,65,96
77,65,64
82,65,23
83,65,60
85,65,82
86,65,27
89,65,76
92,65,64
93,65,99
97,65,27
98,65,65
99,65,63
106,65,12
110,65,73
111,65,3
114,65,25
118,65,46
123,65,5
125,65,22
126,65,39
128,65,80
130,65,48
131,65,80
134,65,3
136,65,7
137,65,28
138,65,42
144,65,77
145,65,17
149,65,64
150,65,88
154,65,96
159,65,27
161,65,69
162,65,67
164,65,3
167,65,27
171,65,53
172,65,48
176,65,88
178,65,31
183,65,53
186,65,11
196,65,56
197,65,39
199,65,18
3,66,75
4,66,92
5,66,46
7,66,37
10,66,5
11,66,65
13,66,24
16,66,86
17,66,1
20,66,7
23,66,83
28,66,85
30,66,28
33,66,1
40,66,69
45,66,50
50,66,63
53,66,53
64,66,55
65,66,52
68,66,56
70,66,63
73,66,40
77,66,8
80,66,47
83,66,64
87,66,94
89,66,61
90,66,30
92,66,75
95,66,12
96,66,62
101,66,32
103,66,45
104,66,95
110,66,57
112,66,4
113,66,76
114,66,41
116,66,80
119,66,70
121,66,47
123,66,90
126,66,82
127,66,33
130,66,86
133,66,10
150,66,51
154,66,89
157,66,1
160,66,18
162,66,35
163,66,56
165,66,38
166,66,76
168,66,68
169,66,13
175,66,79
176,66,96
181,66,28
186,66,51
191,66,10
193,66,21
194,66,54
196,66,83
0,67,84
5,67,47
12,67,91
14,67,22
16,67,60
17,67,97
18,67,42
20,67,69
24,67,39
25,67,7
26,67,76
27,67,13
29,67,34
30,67,53
35,67,67
36,67,41
41,67,19
43,67,35
45,67,61
46,67,80
47,67,3
49,67,10
52,67,66
54,67,69
55,67,77
60,67,28
64,67,9
65,67,85
66,67,56
67,67,99
77,67,97
81,67,40
89,67,49
94,67,18
96,67,50
100,67,54
105,67,77
109,67,46
111,67,91
112,67,68
113,67,50
114,67,28
116,67,90
117,67,22
119,67,91
120,67,39
121,67,73
127,67,5
128,67,6
131,67,77
133,67,75
138,67,60
139,67,31
140,67,71
142,67,90
144,67,79
147,67,19
149,67,78
152,67,80
154,67,93
168,67,43
171,67,93
173,67,10
177,67,43
182,67,22
183,67,64
187,67,73
188,67,24
191,67,68
193,67,88
198,67,63
0,68,92
2,68,15
4,68,79
7,68,48
9,68,46
10,68,88
12,68,19
14,68,74
15,68,48
18,68,90
23,68,14
24,68,63
25,68,69
29,68,66
30,68,33
31,68,72
32,68,26
36,68,63
37,68,94
38,68,15
39,68,71
40,68,77
41,68,12
43,68,57
47,68,88
48,68,94
50,68,61
51,68,37
53,68,23
54,68,70
56,68,82
57,68,26
58,68,81
60,68,12
61,68,87
63,68,98
67,68,3
68,68,35
69,68,1
73,68,65
74,68,93
75,68,90
77,68,9
78,68,86
79,68,7
80,68,76
81,68,64
84,68,49
88,68,79
89,68,83
94,68,22
98,68,41
99,68,98
100,68,19
102,68,10
103,68,65
104,68,27
106,68,58
111,68,32
112,68,3
117,68,62
118,68,9
119,68,20
122,68,68
125,68,64
126,68,91
127,68,54
128,68,80
132,68,40
136,68,62
139,68,38
143,68,87
144,68,3
150,68,6
152,68,6
153,68,98
154,68,30
156,68,85
161,68,75
162,68,13
163,68,2
167,68,48
172,68,5
177,68,56
178,68,92
182,68,67
185,68,18
186,68,64
187,68,85
191,68,75
192,68,80
193,68,92
196,68,16
197,68,88
199,68,60
8,69,75
9,69,22
10,69,32
13,69,17
22,69,69
24,69,35
26,69,25
27,69,27
29,69,30
30,69,57
32,69,92
34,69,78
41,69,30
42,69,53
50,69,99
51,69,12
52,69,56
53,69,15
54,69,37
56,69,14
57,69,88
58,69,83
60,69,20
61,69,67
64,69,21
68,69,85
74,69,80
76,69,28
80,69,32
81,69,50
82,69,59
83,69,60
84,69,51
85,69,37
86,69,57
88,69,40
89,69,19
90,69,10
92,69,80
93,69,24
94,69,54
104,69,60
105,69,72
106,69,37
111,69,10
113,69,41
119,69,43
120,69,39
121,69,4
125,69,26
128,69,40
130,69,79
131,69,76
133,69,41
137,69,57
139,69,78
141,69,59
142,69,57
146,69,89
148,69,87
149,69,97
155,69,28
157,69,99
160,69,81
162,69,78
163,69,75
168,69,85
174,69,4
175,69,47
178,69,10
186,69,47
188,69,90
193,69,24
198,69,14
199,69,76
0,70,17
2,70,77
4,70,22
5,70,24
6,70,5
9,70,88
10,70,65
17,70,96
18,70,5
19,70,53
21,70,53
29,70,49
31,70,51
34,70,46
38,70,47
40,70,42
42,70,45
43,70,31
44,70,7
47,70,63
52,70,91
54,70,71
55,70,27
58,70,82
62,70,50
64,70,68
66,70,68
67,70,21
73,70,92
74,70,6
77,70,81
78,70,34
79,70,85
81,70,10
82,70,80
86,70,14
88,70,60
96,70,84
98,70,95
99,70,78
102,70,96
103,70,42
105,70,17
108,70,96
110,70,15
111,70,71
114,70,98
116,70,52
119,70,54
130,70,59
134,70,46
135,70,39
138,70,65
144,70,71
145,70,8
150,70,34
152,70,7
153,70,85
154,70,36
156,70,12
158,70,5
160,70,96
163,70,61
165,70,37
167,70,19
172,70,25
174,70,50
175,70,60
179,70,82
181,70,4
183,70,12
187,70,19
188,70,15
191,70,56
194,70,1
196,70,24
198,70,65
4,71,45
6,71,29
7,71,63
9,71,36
10,71,13
13,71,8
14,71,50
16,71,45
20,71,82
25,71,58
33,71,27
37,71,84
38,71,33
41,71,41
43,71,72
45,71,15
49,71,83
52,71,72
55,71,56
58,71,86
59,71,23
68,71,10
71,71,6
75,71,36
76,71,14
80,71,13
85,71,71
86,71,91
88,71,93
89,71,40
91,71,91
92,71,66
94,71,7
95,71,40
97,71,92
99,71,55
103,71,35
107,71,65
110,71,14
111,71,59
113,71,36
115,71,17
117,71,34
118,71,93
119,71,71
122,71,42
123,71,15
124,71,52
125,71,1
132,71,31
133,71,62
134,71,26
136,71,64
137,71,22
140,71,99
143,71,14
154,71,81
158,71,3
160,71,81
161,71,32
164,71,99
166,71,2
167,71,48
169,71,21
172,71,92
174,71,7
176,71,62
178,71,11
179,71,25
182,71,80
186,71,53
187,71,41
189,71,59
190,71,3
192,71,72
195,71,86
197,71,99
199,71,76
9,72,3
15,72,83
16,72,64
17,72,2
19,72,23
20,72,88
22,72,83
25,72,69
27,72,37
29,72,77
32,72,22
34,72,15
35,72,82
36,72,22
40,72,62
42,72,84
43,72,33
45,72,42
53,72,95
54,72,67
57,72,80
60,72,5
61,72,62
62,72,94
68,72,10
70,72,94
73,72,32
74,72,76
77,72,90
82,72,76
87,72,97
89,72,19
92,72,58
95,72,83
97,72,65
98,72,73
100,72,13
101,72,42
102,72,7
103,72,51
104,72,36
109,72,83
112,72,42
113,72,80
114,72,3
122,72,16
126,72,41
127,72,44
130,72,47
131,72,90
132,72,57
133,72,21
138,72,95
143,72,6
148,72,65
154,72,54
158,72,56
159,72,26
162,72,85
166,72,58
167,72,6
169,72,45
170,72,72
171,72,11
173,72,80
175,72,45
177,72,64
178,72,16
180,72,64
184,72,12
185,72,20
187,72,77
188,72,99
189,72,28
191,72,59
194,72,19
195,72,6
196,72,86
2,73,62
4,73,88
6,73,30
11,73,80
12,73,96
13,73,53
14,73,2
15,73,14
16,73,96
18,73,99
19,73,48
20,73,24
24,73,47
26,73,34
29,73,30
30,73,24
32,73,86
37,73,93
41,73,98
43,73,36
45,73,36
48,73,62
49,73,4
53,73,89
57,73,19
61,73,73
62,73,40
67,73,1
68,73,82
70,73,61
71,73,98
72,73,91
73,73,7
75,73,86
78,73,72
79,73,84
80,73,58
81,73,85
82,73,79
86,73,61
91,73,56
92,73,37
93,73,62
94,73,39
95,73,1
100,73,64
101,73,10
103,73,89
104,73,65
105,73,17
106,73,45
116,73,86
118,73,21
119,73,54
120,73,59
128,73,90
135,73,4
140,73,60
144,73,67
152,73,26
156,73,39
160,73,82
164,73,12
167,73,69
168,73,5
170,73,23
174,73,6
179,73,24
180,73,85
185,73,39
186,73,98
188,73,22
189,73,31
195,73,68
196,73,28
199,73,8
0,74,22
1,74,54
6,74,47
8,74,90
9,74,35
12,74,94
16,74,65
24,74,90
25,74,8
29,74,30
33,74,18
38,74,27
43,74,96
48,74,87
50,74,14
53,74,61
54,74,15
56,74,56
57,74,90
58,74,75
59,74,31
61,74,5
63,74,12
65,74,84
66,74,13
68,74,7
71,74,52
72,74,28
75,74,9
78,74,86
79,74,86
80,74,43
81,74,76
84,74,69
86,74,71
87,74,65
89,74,84
91,74,53
92,74,34
94,74,93
96,74,52
98,74,56
102,74,45
104,74,5
107,74,94
108,74,25
111,74,56
112,74,30
113,74,39
114,74,8
119,74,76
124,74,55
125,74,8
128,74,95
130,74,54
141,74,89
143,74,82
146,74,86
150,74,67
154,74,71
156,74,93
157,74,99
159,74,74
161,74,60
162,74,93
163,74,39
166,74,41
169,74,52
172,74,82
175,74,72
176,74,12
177,74,27
180,74,3
181,74,85
184,74,34
185,74,94
187,74,59
188,74,73
189,74,71
191,74,92
192,74,28
195,74,19
1,75,58
3,75,93
11,75,20
17,75,10
18,75,21
19,75,65
21,75,48
22,75,95
23,75,61
26,75,93
28,75,12
29,75,42
32,75,96
34,75,16
38,75,78
39,75,41
41,75,51
45,75,88
48,75,78
50,75,35
53,75,55
58,75,4
60,75,52
62,75,34
65,75,63
67,75,11
70,75,31
71,75,15
74,75,97
76,75,98
78,75,24
79,75,67
82,75,19
87,75,50
92,75,74
95,75,60
98,75,51
102,75,3
103,75,16
105,75,36
106,75,42
107,75,18
110,75,33
111,75,61
113,75,51
116,75,41
118,75,13
121,75,56
127,75,22
129,75,75
132,75,19
135,75,51
136,75,79
144,75,79
145,75,84
148,75,12
149,75,99
150,75,46
151,75,13
153,75,82
154,75,68
155,75,57
158,75,84
159,75,13
163,75,68
164,75,78
167,75,48
168,75,1
170,75,19
171,75,69
172,75,84
176,75,16
182,75,45
185,75,6
188,75,47
190,75,71
195,75,44
196,75,20
197,75,30
198,75,74
0,76,48
1,76,25
5,76,5
12,76,27
20,76,28
21,76,80
22,76,90
24,76,67
26,76,64
27,76,1
28,76,80
32,76,29
33,76,32
35,76,13
41,76,45
47,76,79
51,76,76
53,76,26
57,76,26
63,76,41
66,76,47
67,76,51
71,76,84
74,76,66
75,76,16
79,76,32
80,76,91
82,76,52
85,76,38
87,76,21
89,76,23
99,76,64
102,76,67
103,76,66
105,76,90
108,76,31
110,76,25
111,76,41
116,76,74
119,76,40
121,76,88
127,76,35
128,76,99
131,76,41
132,76,99
135,76,23
136,76,15
139,76,13
142,76,96
144,76,80
146,76,16
147,76,9
150,76,57
152,76,22
153,76,86
154,76,83
162,76,90
167,76,25
168,76,59
170,76,43
173,76,96
178,76,74
180,76,64
182,76,48
183,76,1
184,76,28
185,76,44
187,76,55
188,76,50
189,76,17
190,76,91
194,76,20
199,76,98
2,77,24
7,77,25
9,77,90
10,77,82
12,77,31
13,77,29
14,77,93
19,77,82
20,77,43
22,77,65
33,77,84
34,77,74
35,77,70
37,77,88
39,77,89
40,77,62
43,77,57
44,77,13
45,77,41
47,77,92
48,77,93
50,77,45
52,77,57
53,77,41
55,77,48
56,77,4
59,77,67
64,77,72
68,77,67
69,77,72
70,77,56
76,77,34
79,77,24
80,77,2
81,77,22
82,77,46
84,77,17
85,77,9
90,77,87
91,77,79
94,77,52
99,77,73
100,77,9
102,77,89
103,77,70
106,77,60
108,77,19
109,77,59
114,77,78
122,77,55
124,77,24
125,77,9
127,77,5
130,77,29
131,77,38
132,77,19
133,77,86
134,77,3
135,77,48
136,77,58
137,77,8
145,77,9
147,77,75
149,77,23
157,77,63
159,77,75
160,77,51
161,77,33
162,77,45
163,77,35
164,77,46
165,77,45
167,77,79
170,77,17
174,77,96
175,77,55
176,77,11
177,77,41
179,77,83
180,77,89
186,77,66
193,77,49
194,77,79
195,77,87
197,77,4
0,78,24
2,78,81
4,78,43
6,78,77
7,78,65
8,78,3
12,78,1
13,78,68
14,78,49
15,78,74
16,78,44
21,78,65
22,78,65
24,78,22
26,78,58
27,78,61
32,78,43
33,78,54
34,78,47
35,78,7
36,78,67
37,78,5
38,78,46
40,78,34
41,78,26
43,78,78
44,78,5
49,78,27
50,78,64
53,78,59
54,78,98
59,78,69
60,78,66
67,78,91
68,78,96
72,78,48
73,78,92
75,78,38
76,78,71
79,78,34
84,78,8
89,78,67
90,78,39
92,78,48
94,78,45
95,78,50
96,78,90
98,78,79
99,78,89
100,78,56
101,78,30
102,78,57
105,78,40
108,78,24
111,78,63
113,78,8
114,78,32
116,78,68
118,78,73
119,78,34
120,78,70
125,78,49
129,78,42
130,78,39
131,78,26
132,78,72
134,78,49
135,78,10
136,78,30
140,78,89
145,78,50
148,78,20
150,78,91
151,78,79
157,78,47
158,78,11
161,78,28
162,78,28
164,78,70
165,78,99
166,78,78
167,78,47
171,78,92
172,78,83
173,78,93
174,78,42
175,78,24
176,78,42
177,78,67
178,78,99
180,78,43
182,78,77
185,78,84
188,78,20
192,78,19
193,78,72
195,78,72
198,78,89
0,79,24
7,79,81
12,79,18
13,79,86
18,79,37
23,79,20
25,79,95
26,79,26
34,79,48
38,79,16
39,79,3
41,79,69
42,79,17
43,79,43
48,79,69
49,79,5
53,79,63
56,79,37
57,79,87
61,79,38
66,79,37
71,79,27
72,79,33
83,79,33
84,79,66
88,79,80
89,79,82
92,79,72
94,79,5
97,79,38
99,79,63
100,79,77
107,79,86
111,79,33
112,79,52
115,79,32
116,79,99
118,79,72
119,79,81
121,79,81
122,79,44
123,79,96
124,79,84
127,79,64
128,79,66
129,79,64
130,79,38
131,79,95
132,79,8
136,79,12
141,79,36
143,79,91
144,79,89
145,79,21
146,79,88
147,79,4
150,79,95
151,79,72
152,79,82
155,79,77
157,79,58
159,79,66
161,79,11
167,79,54
168,79,77
171,79,54
172,79,74
175,79,43
179,79,73
180,79,43
183,79,65
184,79,77
185,79,50
189,79,50
193,79,3
195,79,39
196,79,85
197,79,72
199,79,56
1,80,12
3,80,50
4,80,27
6,80,29
7,80,15
10,80,70
11,80,64
12,80,5
17,80,68
18,80,61
20,80,66
21,80,60
22,80,8
23,80,15
24,80,73
29,80,14
30,80,10
32,80,82
33,80,22
36,80,50
37,80,54
38,80,83
39,80,30
41,80,71
42,80,23
43,80,2
46,80,30
49,80,76
50,80,11
51,80,41
52,80,58
53,80,12
55,80,12
58,80,14
68,80,68
72,80,70
75,80,13
76,80,32
77,80,3
83,80,86
85,80,32
87,80,91
91,80,29
94,80,34
98,80,78
104,80,80
105,80,25
106,80,82
109,80,16
110,80,24
112,80,54
113,80,14
114,80,69
118,80,77
123,80,4
124,80,37
132,80,68
133,80,22
136,80,95
139,80,64
140,80,39
142,80,7
143,80,93
146,80,13
149,80,57
150,80,94
162,80,45
166,80,35
167,80,98
169,80,33
174,80,27
175,80,40
180,80,47
181,80,17
186,80,7
188,80,63
190,80,39
191,80,4
195,80,89
0,81,86
2,81,80
4,81,20
5,81,80
6,81,23
12,81,88
13,81,86
14,81,24
19,81,51
23,81,4
24,81,20
25,81,67
31,81,1
33,81,87
34,81,44
35,81,79
41,81,65
43,81,89
46,81,39
53,81,34
54,81,13
56,81,75
58,81,76
60,81,19
61,81,92
62,81,50
68,81,77
71,81,43
72,81,46
75,81,93
79,81,24
84,81,95
86,81,5
87,81,35
89,81,7
91,81,19
94,81,89
95,81,95
96,81,1
102,81,9
103,81,51
104,81,26
106,81,62
107,81,49
109,81,62
110,81,97
116,81,86
122,81,53
127,81,25
128,81,30
133,81,16
134,81,39
136,81,63
137,81,49
138,81,74
139,81,82
141,81,40
142,81,96
145,81,32
150,81,46
151,81,6
154,81,68
159,81,11
163,81,95
164,81,22
166,81,68
177,81,60
183,81,3
186,81,36
189,81,17
192,81,15
195,81,3
196,81,68
199,81,46
1,82,58
2,82,91
5,82,15
9,82,77
12,82,30
13,82,89
14,82,31
17,82,22
21,82,24
22,82,17
23,82,50
24,82,20
28,82,5
30,82,20
33,82,23
35,82,97
36,82,48
38,82,72
42,82,28
43,82,55
46,82,28
47,82,45
51,82,13
52,82,88
53,82,42
54,82,67
57,82,88
60,82,47
63,82,4
65,82,63
72,82,61
73,82,25
77,82,40
83,82,10
85,82,93
88,82,87
89,82,15
93,82,4
94,82,97
95,82,91
97,82,5
105,82,10
106,82,84
113,82,73
114,82,94
121,82,63
124,82,42
125,82,30
126,82,91
127,82,42
128,82,87
132,82,75
134,82,93
135,82,11
136,82,14
137,82,29
138,82,1
140,82,25
141,82,97
143,82,62
145,82,67
146,82,37
149,82,96
155,82,58
156,82,19
167,82,76
170,82,35
175,82,39
176,82,33
177,82,26
178,82,18
179,82,57
182,82,68
184,82,97
185,82,50
186,82,66
189,82,26
190,82,6
193,82,80
195,82,68
196,82,85
0,83,33
1,83,59
2,83,14
5,83,52
6,83,63
9,83,56
12,83,57
14,83,98
17,83,61
18,83,46
22,83,57
25,83,94
28,83,43
30,83,11
31,83,19
34,83,27
35,83,29
41,83,36
42,83,60
45,83,6
47,83,57
50,83,23
51,83,6
53,83,83
57,83,23
58,83,75
64,83,56
67,83,17
69,83,52
74,83,45
77,83,35
78,83,29
79,83,25
81,83,68
82,83,11
84,83,14
85,83,82
86,83,41
90,83,17
93,83,2
95,83,25
98,83,16
105,83,78
106,83,81
109,83,28
113,83,83
115,83,95
116,83,17
119,83,28
120,83,2
121,83,30
122,83,41
133,83,1
134,83,37
136,83,99
137,83,66
141,83,69
142,83,27
146,83,5
149,83,78
153,83,63
154,83,57
166,83,20
168,83,81
169,83,99
171,83,67
174,83,1
180,83,50
184,83,74
187,83,80
188,83,5
191,83,18
193,83,33
196,83,45
197,83,17
1,84,2
4,84,76
7,84,11
9,84,84
10,84,46
11,84,34
14,84,33
17,84,26
21,84,21
30,84,40
36,84,22
37,84,30
39,84,32
40,84,83
43,84,87
50,84,11
52,84,4
56,84,42
57,84,28
60,84,62
61,84,1
67,84,96
71,84,52
72,84,28
73,84,53
76,84,24
78,84,33
86,84,92
89,84,44
91,84,5
93,84,63
95,84,2
98,84,42
99,84,60
100,84,59
105,84,99
107,84,84
108,84,52
115,84,90
116,84,48
118,84,82
120,84,27
121,84,85
122,84,87
123,84,18
131,84,32
132,84,94
133,84,58
136,84,13
137,84,67
140,84,29
143,84,32
146,84,7
147,84,1
151,84,7
153,84,10
156,84,75
165,84,50
166,84,94
170,84,43
171,84,99
173,84,2
175,84,18
177,84,12
178,84,28
183,84,90
185,84,43
186,84,78
188,84,84
194,84,65
195,84,29
196,84,65
198,84,76
3,85,44
7,85,37
9,85,46
18,85,65
19,85,31
23,85,20
24,85,86
28,85,28
37,85,41
39,85,2
41,85,97
42,85,66
43,85,64
45,85,81
46,85,2
47,85,83
48,85,46
53,85,27
55,85,73
56,85,49
57,85,74
58,85,86
61,85,17
66,85,32
67,85,86
70,85,80
72,85,77
73,85,14
74,85,30
76,85,69
77,85,6
82,85,36
83,85,42
88,85,8
92,85,46
93,85,50
98,85,7
102,85,53
106,85,45
107,85,10
111,85,8
113,85,97
117,85,90
128,85,16
131,85,11
132,85,85
136,85,9
138,85,67
139,85,3
142,85,53
144,85,17
146,85,21
148,85,27
149,85,23
150,85,31
156,85,42
158,85,41
159,85,94
160,85,32
162,85,90
163,85,61
167,85,21
172,85,5
174,85,41
175,85,33
176,85,91
177,85,39
180,85,1
183,85,3
184,85,49
185,85,78
188,85,46
190,85,32
191,85,54
195,85,48
197,85,5
2,86,95
4,86,63
7,86,14
11,86,83
12,86,36
13,86,10
14,86,27
15,86,92
16,86,68
17,86,55
21,86,9
22,86,98
25,86,34
26,86,37
27,86,15
28,86,1
29,86,51
33,86,87
37,86,28
38,86,79
39,86,59
40,86,71
44,86,99
45,86,56
46,86,51
47,86,64
50,86,39
52,86,33
53,86,30
59,86,15
66,86,76
67,86,6
73,86,76
76,86,93
79,86,66
84,86,40
88,86,52
91,86,65
92,86,65
93,86,72
95,86,93
96,86,79
99,86,65
100,86,5
105,86,87
108,86,20
109,86,24
110,86,43
113,86,35
114,86,56
121,86,52
123,86,51
124,86,49
125,86,87
128,86,17
129,86,53
133,86,80
134,86,35
141,86,76
144,86,52
148,86,31
153,86,78
154,86,23
155,86,99
157,86,8
159,86,38
161,86,59
163,86,13
165,86,73
166,86,92
169,86,71
171,86,73
172,86,81
174,86,54
175,86,12
176,86,8
177,86,79
179,86,98
183,86,35
187,86,34
188,86,10
193,86,63
194,86,25
195,86,52
10,87,85
11,87,42
14,87,48
16,87,56
20,87,37
21,87,73
22,87,56
23,87,94
24,87,14
26,87,62
29,87,75
30,87,42
32,87,70
38,87,72
44,87,30
46,87,40
47,87,27
48,87,97
49,87,57
58,87,29
59,87,83
61,87,33
64,87,27
65,87,27
69,87,33
70,87,71
74,87,98
84,87,35
85,87,10
87,87,4
90,87,13
92,87,80
93,87,26
94,87,14
95,87,49
97,87,87
99,87,77
103,87,49
105,87,69
118,87,1
125,87,26
126,87,58
128,87,56
131,87,9
132,87,51
133,87,93
134,87,3
136,87,36
138,87,63
142,87,58
146,87,86
149,87,71
152,87,25
154,87,91
156,87,38
159,87,69
160,87,20
166,87,33
167,87,91
169,87,13
170,87,48
171,87,63
175,87,65
177,87,63
178,87,66
181,87,85
186,87,63
188,87,56
193,87,85
197,87,65
198,87,2
0,88,11
6,88,69
8,88,58
10,88,92
11,88,20
12,88,13
14,88,72
15,88,11
17,88,46
23,88,28
24,88,15
26,88,66
28,88,47
29,88,64
31,88,19
32,88,14
34,88,91
35,88,57
41,88,80
44,88,36
51,88,47
52,88,26
53,88,21
55,88,99
56,88,42
57,88,88
69,88,61
71,88,89
78,88,11
79,88,75
80,88,49
81,88,27
86,88,11
87,88,86
89,88,40
94,88,77
100,88,71
107,88,58
108,88,91
109,88,62
112,88,46
113,88,21
116,88,35
119,88,13
124,88,46
131,88,46
133,88,21
134,88,79
135,88,99
138,88,21
139,88,25
141,88,16
142,88,40
143,88,11
145,88,19
152,88,17
155,88,96
157,88,92
158,88,15
159,88,4
161,88,18
162,88,8
166,88,58
170,88,15
171,88,93
177,88,97
184,88,97
186,88,98
187,88,53
194,88,34
197,88,78
0,89,63
1,89,63
2,89,61
6,89,88
8,89,73
11,89,56
15,89,73
18,89,20
19,89,20
20,89,65
25,89,34
33,89,48
35,89,9
42,89,74
43,89,94
44,89,85
45,89,69
46,89,63
49,89,41
50,89,87
52,89,11
53,89,80
54,89,54
60,89,15
65,89,89
70,89,60
74,89,30
77,89,28
78,89,96
81,89,2
87,89,6
89,89,55
101,89,12
103,89,6
106,89,99
107,89,8
108,89,40
112,89,46
114,89,80
116,89,50
117,89,82
118,89,2
122,89,74
126,89,92
129,89,19
131,89,87
134,89,1
139,89,92
140,89,77
142,89,18
143,89,96
144,89,22
145,89,4
147,89,89
149,89,21
152,89,72
157,89,17
159,89,8
163,89,20
164,89,99
165,89,54
169,89,83
173,89,70
174,89,45
178,89,81
180,89,16
183,89,21
184,89,57
190,89,26
191,89,42
193,89,40
195,89,31
198,89,42
199,89,69
0,90,91
2,90,66
6,90,7
7,90,97
9,90,64
15,90,46
20,90,36
21,90,97
23,90,63
26,90,96
32,90,98
33,90,68
34,90,51
38,90,30
43,90,2
46,90,40
47,90,52
52,90,50
53,90,62
57,90,90
58,90,98
59,90,84
60,90,64
65,90,30
67,90,56
68,90,83
70,90,40
71,90,94
78,90,47
79,90,63
82,90,47
84,90,54
85,90,43
86,90,28
89,90,76
92,90,30
94,90,15
98,90,33
103,90,79
104,90,75
108,90,21
113,90,24
114,90,82
115,90,7
116,90,98
117,90,96
120,90,12
124,90,43
126,90,82
128,90,28
132,90,9
138,90,67
141,90,70
145,90,64
146,90,79
147,90,50
149,90,72
151,90,22
156,90,89
159,90,51
161,90,97
162,90,71
163,90,59
166,90,47
167,90,29
168,90,7
169,90,69
171,90,54
175,90,42
176,90,99
177,90,46
180,90,35
181,90,93
183,90,2
185,90,46
186,90,19
197,90,38
198,90,80
1,91,7
2,91,56
4,91,84
8,91,6
11,91,81
12,91,32
15,91,13
18,91,71
19,91,12
20,91,83
21,91,61
24,91,43
26,91,32
27,91,75
29,91,53
30,91,13
31,91,32
38,91,79
41,91,94
45,91,3
46,91,43
47,91,81
49,91,5
53,91,98
55,91,98
57,91,21
58,91,13
59,91,88
60,91,32
63,91,50
64,91,89
70,91,50
71,91,66
72,91,95
73,91,29
75,91,93
78,91,68
81,91,71
82,91,14
83,91,74
85,91,27
88,91,92
89,91,41
93,91,41
96,91,87
97,91,37
98,91,51
100,91,10
102,91,23
104,91,97
105,91,82
106,91,38
107,91,1
111,91,40
112,91,16
116,91,29
128,91,84
130,91,52
131,91,44
132,91,11
136,91,45
140,91,34
142,91,90
144,91,43
152,91,95
155,91,22
156,91,24
157,91,88
158,91,97
159,91,94
162,91,7
164,91,81
166,91,43
167,91,87
173,91,86
175,91,30
179,91,81
185,91,47
186,91,78
188,91,50
191,91,55
195,91,73
198,91,41
0,92,85
1,92,99
3,92,90
6,92,70
12,92,45
13,92,75
14,92,60
16,92,38
17,92,26
20,92,89
26,92,84
30,92,96
31,92,25
32,92,25
33,92,7
35,92,59
38,92,44
40,92,95
43,92,81
44,92,48
47,92,32
49,92,83
50,92,10
51,92,54
52,92,64
53,92,21
60,92,76
61,92,35
65,92,23
68,92,6
76,92,85
78,92,65
79,92,59
81,92,25
82,92,70
87,92,91
90,92,76
92,92,33
94,92,26
95,92,83
96,92,99
100,92,87
102,92,82
104,92,36
108,92,47
110,92,83
112,92,76
113,92,9
114,92,26
117,92,69
118,92,69
124,92,8
126,92,74
129,92,47
131,92,65
133,92,50
134,92,99
136,92,79
137,92,7
141,92,19
143,92,95
145,92,51
146,92,44
147,92,6
161,92,13
162,92,40
166,92,17
170,92,13
171,92,73
172,92,57
175,92,3
176,92,4
177,92,22
180,92,74
181,92,63
182,92,36
183,92,33
185,92,94
188,92,4
189,92,85
192,92,74
193,92,69
194,92,85
195,92,19
197,92,93
3,93,61
4,93,8
7,93,31
8,93,30
14,93,74
16,93,2
18,93,73
21,93,22
24,93,39
25,93,41
29,93,87
30,93,23
34,93,74
39,93,4
42,93,19
51,93,74
52,93,21
53,93,58
54,93,46
57,93,54
60,93,19
62,93,62
63,93,68
72,93,35
73,93,52
74,93,3
75,93,16
77,93,69
79,93,64
85,93,20
88,93,9
92,93,39
93,93,43
94,93,58
95,93,3
96,93,50
103,93,87
104,93,63
107,93,96
111,93,28
114,93,79
115,93,12
118,93,37
119,93,19
121,93,1
129,93,58
130,93,10
131,93,15
133,93,84
136,93,75
137,93,72
140,93,38
141,93,76
142,93,71
144,93,71
145,93,15
146,93,34
148,93,65
150,93,34
155,93,76
156,93,13
157,93,25
159,93,15
161,93,11
166,93,62
170,93,77
172,93,84
173,93,95
176,93,25
177,93,37
178,93,25
179,93,18
183,93,10
184,93,35
188,93,18
189,93,76
194,93,23
198,93,57
0,94,49
1,94,4
2,94,26
5,94,58
6,94,37
7,94,29
8,94,45
10,94,76
11,94,73
13,94,19
19,94,34
20,94,34
21,94,33
23,94,84
29,94,36
32,94,62
33,94,16
34,94,50
40,94,61
45,94,53
46,94,65
50,94,51
52,94,59
53,94,4
54,94,65
55,94,15
57,94,19
61,94,6
66,94,96
70,94,48
71,94,31
74,94,8
80,94,83
81,94,59
83,94,3
85,94,35
86,94,9
92,94,92
94,94,25
97,94,98
98,94,84
100,94,60
101,94,46
102,94,20
107,94,15
109,94,32
112,94,22
113,94,44
114,94,97
116,94,91
118,94,43
119,94,92
122,94,88
123,94,53
124,94,2
126,94,32
128,94,8
129,94,13
131,94,53
134,94,20
136,94,17
138,94,13
145,94,21
150,94,92
154,94,54
156,94,99
157,94,59
160,94,67
161,94,82
162,94,35
163,94,70
164,94,6
168,94,21
170,94,53
172,94,32
173,94,37
174,94,73
180,94,87
185,94,8
188,94,8
190,94,57
192,94,79
194,94,14
195,94,86
1,95,48
2,95,86
3,95,92
6,95,28
7,95,29
9,95,49
11,95,82
13,95,62
15,95,50
21,95,98
23,95,70
24,95,70
26,95,30
32,95,14
33,95,20
38,95,53
41,95,78
44,95,78
45,95,99
47,95,64
49,95,75
51,95,49
53,95,38
55,95,85
56,95,66
61,95,61
62,95,3
65,95,38
66,95,19
67,95,56
68,95,37
76,95,95
77,95,59
79,95,71
81,95,62
82,95,69
83,95,9
86,95,74
89,95,79
91,95,38
93,95,45
94,95,48
95,95,13
96,95,93
99,95,84
100,95,58
102,95,66
103,95,8
108,95,82
110,95,29
111,95,34
114,95,67
115,95,73
117,95,53
119,95,60
120,95,14
121,95,42
126,95,93
130,95,74
132,95,80
133,95,8
134,95,59
136,95,48
140,95,65
141,95,38
143,95,83
146,95,42
147,95,60
151,95,46
153,95,26
155,95,42
156,95,36
159,95,59
161,95,49
162,95,71
163,95,61
164,95,35
167,95,24
168,95,38
170,95,69
172,95,61
173,95,93
178,95,65
180,95,32
181,95,63
182,95,37
184,95,17
185,95,47
186,95,71
192,95,3
193,95,72
194,95,26
198,95,88
199,95,61
3,96,71
6,96,73
10,96,58
11,96,64
17,96,10
20,96,91
26,96,64
28,96,37
32,96,22
34,96,6
37,96,98
38,96,43
39,96,51
42,96,48
44,96,88
47,96,39
52,96,55
53,96,97
56,96,51
57,96,37
58,96,11
63,96,43
64,96,64
72,96,82
75,96,89
76,96,6
77,96,2
78,96,9
80,96,51
88,96,61
91,96,16
93,96,61
94,96,61
96,96,18
98,96,47
100,96,5
102,96,59
103,96,3
104,96,51
109,96,95
116,96,54
117,96,88
118,96,44
119,96,88
121,96,52
122,96,28
126,96,4
127,96,78
129,96,8
131,96,78
132,96,73
136,96,25
138,96,96
139,96,96
143,96,27
145,96,67
146,96,63
148,96,1
150,96,12
156,96,54
157,96,96
158,96,37
168,96,29
169,96,31
176,96,29
179,96,67
180,96,50
185,96,81
188,96,42
194,96,14
4,97,17
6,97,33
7,97,34
9,97,45
11,97,43
13,97,19
16,97,81
17,97,44
18,97,46
19,97,81
21,97,50
23,97,83
25,97,64
26,97,71
28,97,96
31,97,66
33,97,96
34,97,2
35,97,92
37,97,91
40,97,25
41,97,50
44,97,11
45,97,25
47,97,57
48,97,90
49,97,65
50,97,68
53,97,62
63,97,84
65,97,56
66,97,71
70,97,8
71,97,81
76,97,45
77,97,62
80,97,96
84,97,13
85,97,10
89,97,34
92,97,22
93,97,37
94,97,32
97,97,11
100,97,44
105,97,15
107,97,49
109,97,54
111,97,13
113,97,83
114,97,85
116,97,40
123,97,4
126,97,45
127,97,16
129,97,88
130,97,19
134,97,45
135,97,80
136,97,45
145,97,29
147,97,91
152,97,41
156,97,78
158,97,93
159,97,79
160,97,68
161,97,10
167,97,36
169,97,88
171,97,34
174,97,62
175,97,46
182,97,23
183,97,40
184,97,57
187,97,11
192,97,39
193,97,3
196,97,44
197,97,14
199,97,31
2,98,53
3,98,76
4,98,85
6,98,33
11,98,30
13,98,67
15,98,62
18,98,90
21,98,9
22,98,90
23,98,26
26,98,46
28,98,22
31,98,88
32,98,17
37,98,73
39,98,27
44,98,26
45,98,48
46,98,58
47,98,52
49,98,38
50,98,8
57,98,97
58,98,32
59,98,26
60,98,92
62,98,71
64,98,39
67,98,87
76,98,41
79,98,28
81,98,43
83,98,81
84,98,81
91,98,39
95,98,65
96,98,25
99,98,55
100,98,35
103,98,78
104,98,52
106,98,12
107,98,52
108,98,45
112,98,1
113,98,99
117,98,25
122,98,15
124,98,50
128,98,34
132,98,67
137,98,74
138,98,74
144,98,17
146,98,21
147,98,57
154,98,28
155,98,35
156,98,39
161,98,53
162,98,63
163,98,26
164,98,33
169,98,99
174,98,97
182,98,62
186,98,86
192,98,60
197,98,46
8,99,42
9,99,65
13,99,7
14,99,7
15,99,51
16,99,82
17,99,64
20,99,78
23,99,62
24,99,26
28,99,69
31,99,65
34,99,57
37,99,19
43,99,31
44,99,82
45,99,14
54,99,81
55,99,10
58,99,79
60,99,88
61,99,89
62,99,11
63,99,88
64,99,28
66,99,63
68,99,63
70,99,56
73,99,84
74,99,10
77,99,38
79,99,94
81,99,83
83,99,30
86,99,56
88,99,77
90,99,46
92,99,64
95,99,69
96,99,58
98,99,39
100,99,71
104,99,44
108,99,94
109,99,73
110,99,94
111,99,44
116,99,74
118,99,28
119,99,38
123,99,56
127,99,10
128,99,37
129,99,61
132,99,84
133,99,84
138,99,76
139,99,87
140,99,19
141,99,88
143,99,56
145,99,32
147,99,94
148,99,17
149,99,30
151,99,29
153,99,9
154,99,96
157,99,89
158,99,41
159,99,75
166,99,3
167,99,6
169,99,7
170,99,13
175,99,57
180,99,15
185,99,39
187,99,62
189,99,45
194,99,35
197,99,25
198,99,84
