0,0,99
0,1,98
0,2,97
0,3,96
0,4,95
0,5,94
0,6,93
0,7,92
0,8,91
0,9,90
0,10,89
0,11,88
0,12,87
0,13,86
0,14,85
0,15,84
0,16,83
0,17,82
0,18,81
0,19,80
0,20,79
0,21,78
0,22,77
0,23,76
0,24,75
0,25,74
0,26,73
0,27,72
0,28,71
0,29,70
0,30,69
0,31,68
0,32,67
0,33,66
0,34,65
0,35,64
0,36,63
0,37,62
0,38,61
0,39,60
0,40,59
0,41,58
0,42,57
0,43,56
0,44,55
0,45,54
0,46,53
0,47,52
0,48,51
0,49,50
0,50,49
0,51,48
0,52,47
0,53,46
0,54,45
0,55,44
0,56,43
0,57,42
0,58,41
0,59,40
0,60,39
0,61,38
0,62,37
0,63,36
0,64,35
0,65,34
0,66,33
0,67,32
0,68,31
0,69,30
0,70,29
0,71,28
0,72,27
0,73,26
0,74,25
0,75,24
0,76,23
0,77,22
0,78,21
0,79,20
0,80,19
0,81,18
0,82,17
0,83,16
0,84,15
0,85,14
0,86,13
0,87,12
0,88,11
0,89,10
0,90,9
0,91,8
0,92,7
0,93,6
0,94,5
0,95,4
0,96,3
0,97,2
0,98,1
0,99,1
1,0,0
1,1,1
1,2,1
1,3,1
1,4,1
1,5,1
1,6,1
1,7,1
1,8,1
1,9,1
1,10,1
1,11,1
1,12,1
1,13,1
1,14,1
1,15,1
1,16,1
1,17,1
1,18,1
1,19,1
1,20,1
1,21,1
1,22,1
1,23,1
1,24,1
1,25,1
1,26,1
1,27,1
1,28,1
1,29,1
1,30,1
1,31,1
1,32,1
1,33,1
1,34,1
1,35,1
1,36,1
1,37,1
1,38,1
1,39,1
1,40,1
1,41,1
1,42,1
1,43,1
1,44,1
1,45,1
1,46,1
1,47,1
1,48,1
1,49,1
1,50,1
1,51,1
1,52,1
1,53,1
1,54,1
1,55,1
1,56,1
1,57,1
1,58,1
1,59,1
1,60,1
1,61,1
1,62,1
1,63,1
1,64,1
1,65,1
1,66,1
1,67,1
1,68,1
1,69,1
1,70,1
1,71,1
1,72,1
1,73,1
1,74,1
1,75,1
1,76,1
1,77,1
1,78,1
1,79,1
1,80,1
1,81,1
1,82,1
1,83,1
1,84,1
1,85,1
1,86,1
1,87,1
1,88,1
1,89,1
1,90,1
1,91,1
1,92,1
1,93,1
1,94,1
1,95,1
1,96,1
1,97,1
1,98,1
1,99,1
2,0,1
2,1,1
2,2,1
2,3,1
2,4,1
2,5,1
2,6,1
2,7,1
2,8,1
2,9,1
2,10,1
2,11,1
2,12,1
2,13,1
2,14,1
2,15,1
2,16,1
2,17,1
2,18,1
2,19,1
2,20,1
2,21,1
2,22,1
2,23,1
2,24,1
2,25,1
2,26,1
2,27,1
2,28,1
2,29,1
2,30,1
2,31,1
2,32,1
2,33,1
2,34,1
2,35,1
2,36,1
2,37,1
2,38,1
2,39,1
2,40,1
2,41,1
2,42,1
2,43,1
2,44,1
2,45,1
2,46,1
2,47,1
2,48,1
2,49,1
2,50,1
2,51,1
2,52,1
2,53,1
2,54,1
2,55,1
2,56,1
2,57,1
2,58,1
2,59,1
2,60,1
2,61,1
2,62,1
2,63,1
2,64,1
2,65,1
2,66,1
2,67,1
2,68,1
2,69,1
2,70,1
2,71,1
2,72,1
2,73,1
2,74,1
2,75,1
2,76,1
2,77,1
2,78,1
2,79,1
2,80,1
2,81,1
2,82,1
2,83,1
2,84,1
2,85,1
2,86,1
2,87,1
2,88,1
2,89,1
2,90,1
2,91,1
2,92,1
2,93,1
2,94,1
2,95,1
2,96,1
2,97,1
2,98,1
2,99,1
3,0,1
3,1,1
3,2,1
3,3,1
3,4,1
3,5,1
3,6,1
3,7,1
3,8,1
3,9,1
3,10,1
3,11,1
3,12,1
3,13,1
3,14,1
3,15,1
3,16,1
3,17,1
3,18,1
3,19,1
3,20,1
3,21,1
3,22,1
3,23,1
3,24,1
3,25,1
3,26,1
3,27,1
3,28,1
3,29,1
3,30,1
3,31,1
3,32,1
3,33,1
3,34,1
3,35,1
3,36,1
3,37,1
3,38,1
3,39,1
3,40,1
3,41,1
3,42,1
3,43,1
3,44,1
3,45,1
3,46,1
3,47,1
3,48,1
3,49,1
3,50,1
3,51,1
3,52,1
3,53,1
3,54,1
3,55,1
3,56,1
3,57,1
3,58,1
3,59,1
3,60,1
3,61,1
3,62,1
3,63,1
3,64,1
3,65,1
3,66,1
3,67,1
3,68,1
3,69,1
3,70,1
3,71,1
3,72,1
3,73,1
3,74,1
3,75,1
3,76,1
3,77,1
3,78,1
3,79,1
3,80,1
3,81,1
3,82,1
3,83,1
3,84,1
3,85,1
3,86,1
3,87,1
3,88,1
3,89,1
3,90,1
3,91,1
3,92,1
3,93,1
3,94,1
3,95,1
3,96,1
3,97,1
3,98,1
3,99,1
4,0,1
4,1,1
4,2,1
4,3,1
4,4,1
4,5,1
4,6,1
4,7,1
4,8,1
4,9,1
4,10,1
4,11,1
4,12,1
4,13,1
4,14,1
4,15,1
4,16,1
4,17,1
4,18,1
4,19,1
4,20,1
4,21,1
4,22,1
4,23,1
4,24,1
4,25,1
4,26,1
4,27,1
4,28,1
4,29,1
4,30,1
4,31,1
4,32,1
4,33,1
4,34,1
4,35,1
4,36,1
4,37,1
4,38,1
4,39,1
4,40,1
4,41,1
4,42,1
4,43,1
4,44,1
4,45,1
4,46,1
4,47,1
4,48,1
4,49,1
4,50,1
4,51,1
4,52,1
4,53,1
4,54,1
4,55,1
4,56,1
4,57,1
4,58,1
4,59,1
4,60,1
4,61,1
4,62,1
4,63,1
4,64,1
4,65,1
4,66,1
4,67,1
4,68,1
4,69,1
4,70,1
4,71,1
4,72,1
4,73,1
4,74,1
4,75,1
4,76,1
4,77,1
4,78,1
4,79,1
4,80,1
4,81,1
4,82,1
4,83,1
4,84,1
4,85,1
4,86,1
4,87,1
4,88,1
4,89,1
4,90,1
4,91,1
4,92,1
4,93,1
4,94,1
4,95,1
4,96,1
4,97,1
4,98,1
4,99,1
5,0,1
5,1,1
5,2,1
5,3,1
5,4,1
5,5,1
5,6,1
5,7,1
5,8,1
5,9,1
5,10,1
5,11,1
5,12,1
5,13,1
5,14,1
5,15,1
5,16,1
5,17,1
5,18,1
5,19,1
5,20,1
5,21,1
5,22,1
5,23,1
5,24,1
5,25,1
5,26,1
5,27,1
5,28,1
5,29,1
5,30,1
5,31,1
5,32,1
5,33,1
5,34,1
5,35,1
5,36,1
5,37,1
5,38,1
5,39,1
5,40,1
5,41,1
5,42,1
5,43,1
5,44,1
5,45,1
5,46,1
5,47,1
5,48,1
5,49,1
5,50,1
5,51,1
5,52,1
5,53,1
5,54,1
5,55,1
5,56,1
5,57,1
5,58,1
5,59,1
5,60,1
5,61,1
5,62,1
5,63,1
5,64,1
5,65,1
5,66,1
5,67,1
5,68,1
5,69,1
5,70,1
5,71,1
5,72,1
5,73,1
5,74,1
5,75,1
5,76,1
5,77,1
5,78,1
5,79,1
5,80,1
5,81,1
5,82,1
5,83,1
5,84,1
5,85,1
5,86,1
5,87,1
5,88,1
5,89,1
5,90,1
5,91,1
5,92,1
5,93,1
5,94,1
5,95,1
5,96,1
5,97,1
5,98,1
5,99,1
6,0,1
6,1,1
6,2,1
6,3,1
6,4,1
6,5,1
6,6,1
6,7,1
6,8,1
6,9,1
6,10,1
6,11,1
6,12,1
6,13,1
6,14,1
6,15,1
6,16,1
6,17,1
6,18,1
6,19,1
6,20,1
6,21,1
6,22,1
6,23,1
6,24,1
6,25,1
6,26,1
6,27,1
6,28,1
6,29,1
6,30,1
6,31,1
6,32,1
6,33,1
6,34,1
6,35,1
6,36,1
6,37,1
6,38,1
6,39,1
6,40,1
6,41,1
6,42,1
6,43,1
6,44,1
6,45,1
6,46,1
6,47,1
6,48,1
6,49,1
6,50,1
6,51,1
6,52,1
6,53,1
6,54,1
6,55,1
6,56,1
6,57,1
6,58,1
6,59,1
6,60,1
6,61,1
6,62,1
6,63,1
6,64,1
6,65,1
6,66,1
6,67,1
6,68,1
6,69,1
6,70,1
6,71,1
6,72,1
6,73,1
6,74,1
6,75,1
6,76,1
6,77,1
6,78,1
6,79,1
6,80,1
6,81,1
6,82,1
6,83,1
6,84,1
6,85,1
6,86,1
6,87,1
6,88,1
6,89,1
6,90,1
6,91,1
6,92,1
6,93,1
6,94,1
6,95,1
6,96,1
6,97,1
6,98,1
6,99,1
7,0,1
7,1,1
7,2,1
7,3,1
7,4,1
7,5,1
7,6,1
7,7,1
7,8,1
7,9,1
7,10,1
7,11,1
7,12,1
7,13,1
7,14,1
7,15,1
7,16,1
7,17,1
7,18,1
7,19,1
7,20,1
7,21,1
7,22,1
7,23,1
7,24,1
7,25,1
7,26,1
7,27,1
7,28,1
7,29,1
7,30,1
7,31,1
7,32,1
7,33,1
7,34,1
7,35,1
7,36,1
7,37,1
7,38,1
7,39,1
7,40,1
7,41,1
7,42,1
7,43,1
7,44,1
7,45,1
7,46,1
7,47,1
7,48,1
7,49,1
7,50,1
7,51,1
7,52,1
7,53,1
7,54,1
7,55,1
7,56,1
7,57,1
7,58,1
7,59,1
7,60,1
7,61,1
7,62,1
7,63,1
7,64,1
7,65,1
7,66,1
7,67,1
7,68,1
7,69,1
7,70,1
7,71,1
7,72,1
7,73,1
7,74,1
7,75,1
7,76,1
7,77,1
7,78,1
7,79,1
7,80,1
7,81,1
7,82,1
7,83,1
7,84,1
7,85,1
7,86,1
7,87,1
7,88,1
7,89,1
7,90,1
7,91,1
7,92,1
7,93,1
7,94,1
7,95,1
7,96,1
7,97,1
7,98,1
7,99,1
8,0,1
8,1,1
8,2,1
8,3,1
8,4,1
8,5,1
8,6,1
8,7,1
8,8,1
8,9,1
8,10,1
8,11,1
8,12,1
8,13,1
8,14,1
8,15,1
8,16,1
8,17,1
8,18,1
8,19,1
8,20,1
8,21,1
8,22,1
8,23,1
8,24,1
8,25,1
8,26,1
8,27,1
8,28,1
8,29,1
8,30,1
8,31,1
8,32,1
8,33,1
8,34,1
8,35,1
8,36,1
8,37,1
8,38,1
8,39,1
8,40,1
8,41,1
8,42,1
8,43,1
8,44,1
8,45,1
8,46,1
8,47,1
8,48,1
8,49,1
8,50,1
8,51,1
8,52,1
8,53,1
8,54,1
8,55,1
8,56,1
8,57,1
8,58,1
8,59,1
8,60,1
8,61,1
8,62,1
8,63,1
8,64,1
8,65,1
8,66,1
8,67,1
8,68,1
8,69,1
8,70,1
8,71,1
8,72,1
8,73,1
8,74,1
8,75,1
8,76,1
8,77,1
8,78,1
8,79,1
8,80,1
8,81,1
8,82,1
8,83,1
8,84,1
8,85,1
8,86,1
8,87,1
8,88,1
8,89,1
8,90,1
8,91,1
8,92,1
8,93,1
8,94,1
8,95,1
8,96,1
8,97,1
8,98,1
8,99,1
9,0,1
9,1,1
9,2,2
9,3,3
9,4,4
9,5,5
9,6,6
9,7,7
9,8,8
9,9,9
9,10,10
9,11,11
9,12,12
9,13,13
9,14,14
9,15,15
9,16,16
9,17,17
9,18,18
9,19,19
9,20,20
9,21,21
9,22,22
9,23,23
9,24,24
9,25,25
9,26,26
9,27,27
9,28,28
9,29,29
9,30,30
9,31,31
9,32,32
9,33,33
9,34,34
9,35,35
9,36,36
9,37,37
9,38,38
9,39,39
9,40,40
9,41,41
9,42,42
9,43,43
9,44,44
9,45,45
9,46,46
9,47,47
9,48,48
9,49,49
9,50,50
9,51,51
9,52,52
9,53,53
9,54,54
9,55,55
9,56,56
9,57,57
9,58,58
9,59,59
9,60,60
9,61,61
9,62,62
9,63,63
9,64,64
9,65,65
9,66,66
9,67,67
9,68,68
9,69,69
9,70,70
9,71,71
9,72,72
9,73,73
9,74,74
9,75,75
9,76,76
9,77,77
9,78,78
9,79,79
9,80,80
9,81,81
9,82,82
9,83,83
9,84,84
9,85,85
9,86,86
9,87,87
9,88,88
9,89,89
9,90,90
9,91,91
9,92,92
9,93,93
9,94,94
9,95,95
9,96,96
9,97,97
9,98,98
9,99,99
